976.1030000000001
999.1034999999999
1008.8466625
1000.604625
999.877375
1011.78025
1012.3259875
1035.2081249999999
1055.53685
1056.6371374999999
1052.7792857142856
1084.7550125
1123.7884285714285
1123.2231875
1172.01715
1174.86625
1150.6057142857142
1175.0497500000001
1190.75195
1187.5652857142857
1222.4994000000002
1259.4108166666667
1285.14
1267.0272
1270.9333
1275.197375
1238.4470000000001
1157.3933
1192.4691428571427
1098.6171285714286
1179.159875
1227.494625
1239.816225
1245.3707857142856
1257.399625
1180.945657142857
1091.1718875
952.2323625
1029.8008125000001
1049.0844875
1118.6300428571428
1028.7268625
1038.789
941.9197142857143
959.3400857142857
956.7863125
1037.2292499999999
1046.127625
1040.5755
1037.90455
1079.5493142857142
1086.9295714285713
1099.169125
1141.813
1141.6003625
1133.0793142857142
1196.3079375
1190.45425
1181.1498375
1208.8005
1207.744875
1226.6170375
1218.92205
1180.0237125
1185.2600571428572
1184.8806714285713
1186.9274125
1205.634875
1216.1867428571427
1217.9300875
1241.6863250000001
1258.3614125
1261.311225
1257.9881125
1262.902775
1279.4146875000001
1309.109875
1345.3539125
1331.2944285714286
1334.9790375
1353.0045
1417.1728125
1452.0762875
1507.5768571428573
1508.292125
1533.3350714285714
1560.4102
1535.8684285714285
1640.619225
1721.2849714285715
1762.88625
1820.9905625
1720.4785
1771.9200125
1776.3165
1723.1269375
1739.031975
1807.4850625
1899.0828875
1961.5204875
2052.9097875
2046.5344625
2090.6623125
2287.7102875
2379.1938333333333
2387.2062857142855
2211.976857142857
2014.0529625
2192.9808
2275.9307
2239.2053428571426
2285.9339142857143
2399.2426714285716
2446.142414285714
2525.7651584699997
2516.173142857143
2698.3138125
2883.3136966371426
2664.9208625
2792.9991875
2827.4913
2845.3728571428574
2961.8296124999997
2657.6750625
2748.185085714286
2447.0415625
2442.48025
2464.9598142857144
2665.927
2507.389252144286
2617.2102625
2754.97825
2671.04325
2727.2880125
2710.4122857142856
2589.1648875
2512.3662857142854
2436.4510571428573
2517.9031142857143
2585.349185714286
2544.414475
2477.641375
2434.0778625
2501.191342857143
2561.225428571429
2599.7298375
2619.1875030042856
2609.96775
2491.201214285714
2562.1306624999997
2536.2389375
2366.1701428571428
2369.8621285714285
2385.7485714285717
2354.7834166666667
2190.947833333333
2058.9955999999997
1931.2143
2176.6234875
2320.12225
2264.7657
2898.1884166666664
2682.1953625
2807.609857142857
2725.549716666667
2751.821028571429
2560.9979166666667
2495.028585714286
2647.625
2781.636583333333
2722.512785714286
2745.955416666666
2866.431666666667
2710.4130666666665
2693.6339833333336
2794.117716666666
2873.8510833333335
3218.1150166666666
3252.5625333333332
3407.2268333333336
3457.374333333333
3357.326316666667
3424.4042000000004
3632.5066666666667
3852.8029142857145
4125.54802
4282.992
4217.028328571429
4360.876871428572
4328.725716666667
4130.440066666667
4222.662214285714
4157.958033333333
4043.722
4082.180983333333
4174.95
4340.316716666667
4363.05445
4360.5133166666665
4354.308333333333
4391.673516666667
4607.98545
4594.98785
4748.255
4911.740016666667
4580.387479999999
4648.159983333334
4344.0983166666665
4488.72014
4641.822016666666
4654.6585000000005
4310.750183333334
4375.55952
4329.955
4248.090016666666
4219.036616666667
3961.2712666666666
3319.6299999999997
3774.2652833333336
3763.62604
3746.060783333333
4093.316666666667
3943.4133333333334
3977.5616666666665
3658.8981833333332
3637.5025499999997
3776.3869
3703.0406500000004
3942.5550000000003
3910.3073833333333
4202.554983333333
4201.98905
4193.574666666666
4335.368316666667
4360.722966666667
4386.88375
4293.3066
4225.175
4338.852
4345.6033333333335
4376.191666666667
4602.280883333334
4777.967816666666
4782.28
4819.485766666667
5325.130683333333
5563.806566666666
5739.438733333333
5647.311666666667
5711.205866666667
5603.71294
5546.176100000001
5727.6335
5979.45984
6020.371683333334
5983.184550000001
5876.079866666667
5505.827766666666
5669.622533333334
5893.138416666666
5772.504983333333
5776.6969500000005
6155.43402
6105.87422
6388.645166666666
6665.306683333333
7068.020100000001
7197.72006
7437.543316666666
7377.012366666667
6989.071666666667
7092.127233333333
7415.878250000001
7158.03706
6719.39785
6362.851033333333
5716.301583333334
6550.227533333334
6635.412633333333
7301.42992
7815.0307
7786.884366666666
7817.1403833333325
8007.654066666667
8255.596816666666
8059.8
8268.035
8148.95
8250.978333333334
8707.407266666667
9284.1438
9718.29505
9952.50882
9879.328333333333
10147.372
10883.912
11071.368333333332
11332.622
11584.83
11878.433333333334
13540.980000000001
16501.971666666668
16007.436666666666
15142.834152123332
14869.805
16762.116666666665
17276.393333333333
16808.366666666665
16678.892
17771.899999999998
19498.683333333334
19289.785
18961.856666666667
17737.111666666668
16026.271666666667
16047.51
15190.945
15360.261666666667
13949.175000000001
14119.028333333334
15999.048333333332
15589.321666666665
14380.581666666667
14640.14
13215.573999999999
14165.574999999999
13812.186666666666
15005.856666666667
15053.261666666665
15199.355000000001
17174.12
17319.198
16651.471666666668
15265.906666666668
14714.253333333334
15126.398333333333
13296.794
13912.882000000001
14499.773333333333
13852.92
14012.196
11180.998333333331
11116.946666666669
11345.423333333332
11422.44
12950.793333333333
11505.228
10544.593333333332
11223.064
11282.258333333333
11214.44
10969.815
11524.776666666667
11765.71
11212.654999999999
10184.061666666666
10125.013333333334
9083.258333333333
8901.901666666667
9076.678333333333
8400.648333333333
6838.816666666667
685.633333333334
8099.958333333333
