12074.48
12330.68
13615.68
14124.75
14064.60
13674.09
12416.19
9598.50
12039.02
11144.77
11160.24
11385.69
12861.23
13962.27
13788.92
12753.06
13765.72
12618.73
16055.15
13792.64
12793.60
19190.40
18504.88
13688.68
12587.12
14060.53
16609.32
15665.19
12415.62
11427.30
12287.73
12939.56
13446.58
15771.80
15033.98
13488.50
12274.56
12565.38
11732.73
14220.00
12465.18
10777.36
10669.68
14919.18
15778.21
13962.27
10817.17
11252.70
11748.33
13399.27
14379.83
17540.64
14232.88
13593.20
14247.12
13391.10
11065.60
12558.92
14196.00
15110.67
11908.86
14982.46
15393.42
15798.30
14818.68
16918.84
14183.00
12979.50
14320.32
12319.00
11163.18
10902.00
10867.08
11879.59
13980.96
11254.82
11004.97
11850.33
12956.83
13878.33
11036.31
10537.29
12704.51
16940.96
14552.72
15992.00
16539.76
12647.15
13140.40
16244.69
15331.68
14140.26
11655.48
13712.76
11612.58
12939.56
14681.47
14624.76
15033.98
10689.00
12274.56
12072.62
10593.63
12561.00
10973.62
13961.58
12877.20
11647.43
12861.23
10325.04
9628.47
14503.48
13765.72
12098.37
13402.56
13492.80
15992.00
18230.88
18013.60
15176.58
15215.20
11739.86
14479.92
13863.00
11275.41
12697.00
14853.30
16099.22
12211.69
12330.68
15459.47
11707.00
13297.44
12442.19
12188.37
12561.00
11293.24
10165.01
13980.96
11123.95
14584.90
9621.06
13313.44
14128.39
10680.30
11057.65
14240.22
17090.88
19030.48
15832.08
15884.72
13539.89
16460.08
16381.20
12634.44
11783.55
15076.11
11935.18
15798.51
14594.62
15230.31
12474.06
14466.66
10180.00
14064.60
14043.66
10251.90
12679.50
10654.00
13104.29
14348.88
11778.30
15115.26
9621.06
10698.30
13253.18
12816.36
12358.55
16473.98
15891.52
15992.00
18870.56
15884.72
16218.11
13278.72
12149.39
16893.24
15249.30
10261.89
13712.76
14043.12
15798.30
16327.99
13764.48
17019.60
11070.75
11379.54
10717.53
11163.18
12205.50
9375.52
12736.88
10547.04
11909.17
13259.00
13962.27
12837.96
13753.30
12579.02
12228.46
13821.39
16341.28
14392.80
16311.84
17849.84
14135.05
14523.60
14060.53
11924.64
14972.04
13809.21
15109.43
11477.55
15647.84
14681.47
12330.68
11771.89
11325.25
13681.02
13674.09
12188.37
11613.00
9695.14
11389.71
12386.64
12170.91
15910.80
13962.27
9509.60
13128.15
10324.29
13789.54
16194.76
15441.76
15032.48
12793.60
16703.52
13837.47
15491.84
16381.20
14763.84
12476.70
11528.79
14220.64
15393.42
16851.52
11800.06
16775.46
15601.30
14888.25
13553.16
10594.34
11163.18
10665.00
10121.30
14206.52
12999.84
14788.31
11667.92
13375.62
13551.18
10002.40
9849.61
11187.74
13262.95
16641.12
13433.28
16951.52
16048.48
17557.22
15353.52
12831.94
12776.40
15249.30
12415.62
14220.64
13503.00
15196.46
12348.90
15628.42
15601.30
10943.50
14959.62
10717.53
10137.99
9835.50
9695.14
10287.48
14471.52
12432.65
12065.69
12084.99
11768.13
10877.61
10324.29
15220.53
15775.93
12143.52
15512.24
18070.96
14083.36
11903.20
14523.60
12012.88
16325.40
11229.03
15202.80
14855.49
13773.06
18055.20
12348.90
12330.68
11346.40
14379.25
15215.34
13797.28
11960.55
13746.00
8523.20
10777.36
11405.52
12563.52
13391.59
14079.60
13313.44
10877.61
11154.98
11578.01
13961.00
14842.08
13593.20
14712.64
17686.08
15176.58
13970.32
14470.06
16041.48
14417.52
14822.73
10538.51
10937.43
12187.26
12211.69
11757.16
14750.32
10180.00
11763.12
14782.80
9568.44
11376.00
10973.62
12369.47
14103.60
14395.70
11137.56
12554.31
12837.96
14378.45
9493.60
15220.53
16334.37
16641.12
18070.96
17111.44
14410.88
15771.74
14246.96
15289.12
12634.44
14972.04
10895.34
14093.67
10937.43
14594.62
12623.32
16632.08
11771.89
14506.50
10612.38
14413.23
9454.53
13983.00
10654.00
11144.77
10424.40
12301.78
15115.26
10559.70
13432.31
10002.40
13765.72
12098.37
15217.49
14542.24
18230.88
18710.64
15557.20
12200.78
11618.88
15698.65
15615.60
12338.07
11022.03
12950.94
13908.09
12488.18
14818.68
13621.10
16026.79
12343.25
14192.46
13427.71
10935.36
11020.50
12252.10
9920.07
13490.40
12301.78
14982.67
14079.60
10817.17
11127.67
9849.61
14309.90
14938.27
13492.80
15512.24
13913.04
18177.36
14432.63
16598.40
11876.37
13344.24
12476.70
11402.10
13458.82
15933.54
17754.28
15641.94
13621.10
12339.21
13743.00
14576.04
14659.61
13669.20
14101.50
9482.06
12491.94
13980.96
14657.44
12728.64
9621.06
14264.40
13503.24
10205.62
15610.80
16473.98
14092.48
17111.44
13593.20
18177.36
16366.90
11618.88
12422.41
11356.80
11922.18
13682.52
10919.42
12827.85
17152.44
14681.47
12474.06
15601.30
14761.00
13808.88
11949.43
12302.28
10783.50
12145.56
11267.24
13367.76
13348.74
11800.51
11615.67
9509.60
10127.43
13409.71
15090.44
14798.66
12743.20
13753.12
14392.80
13428.32
15027.79
15906.80
15835.16
15189.72
12060.81
13809.21
12950.94
11072.46
14895.54
16053.57
12617.44
16594.11
14633.75
14703.90
10717.53
11618.82
13746.00
9695.14
10654.89
9933.84
15050.05
12728.64
10442.37
9509.60
14503.48
11154.98
13659.45
13821.39
14842.08
16151.92
15832.08
17194.80
14730.21
13555.36
12558.92
14621.88
12476.70
10135.20
10284.57
14178.15
16249.68
12074.48
13047.58
13332.02
12088.75
12786.00
11333.48
10821.45
11968.50
11932.48
9920.07
11160.24
12956.13
12861.23
12671.64
14026.66
13753.30
14121.73
13529.36
14100.61
12293.44
13273.36
14552.72
14574.64
14730.21
15076.88
16244.69
13912.08
11644.92
11782.17
14474.58
13908.09
16550.60
11937.27
12187.30
15884.96
12852.25
12530.28
10717.53
10479.72
11731.50
10121.30
9920.07
12509.28
11123.95
14717.49
9738.39
13907.79
10127.43
9730.94
14179.81
12983.73
12143.52
18710.64
13433.28
13264.56
12200.78
14246.96
16244.69
15189.72
13308.48
11148.72
11808.21
16068.57
17754.28
13583.79
14624.76
13190.19
11325.25
15215.34
14536.42
11277.09
12087.00
11399.78
10409.95
11160.24
10731.34
14982.67
10325.04
12481.35
14878.57
11036.31
15480.71
15775.93
16491.20
14072.96
14392.80
14247.12
12795.94
16321.76
12012.88
12208.56
11090.40
12669.00
14093.67
14988.33
12939.56
12074.48
15341.66
11913.72
13234.00
12913.86
11333.48
13327.47
10902.00
12784.80
10532.42
12754.56
14919.18
15645.62
12906.30
11649.26
10127.43
14240.40
12358.55
12285.68
12743.20
16791.60
12793.60
19651.20
12795.94
13693.68
14333.55
15189.72
12476.70
13429.14
11173.36
13773.06
15798.30
13034.95
14911.52
12339.21
10689.00
12402.42
13304.52
13669.20
11257.50
12571.72
12369.47
9811.20
14788.31
14717.49
10325.04
11887.00
13128.15
13647.05
10537.29
14798.66
15591.68
18710.64
18870.56
18832.40
14581.42
12172.16
12831.94
12350.52
13308.48
13429.14
15109.43
12557.79
12337.72
11251.22
13764.48
14041.17
11707.00
12530.28
10963.91
11049.27
12561.00
11612.86
11389.71
10179.12
14919.18
13126.41
10794.36
9747.34
13878.33
11629.66
11447.92
11727.24
14842.08
15032.48
15992.00
14574.64
12051.99
12448.80
15698.65
13912.08
15942.45
12288.93
14220.64
14718.27
14444.16
11388.43
11470.40
12197.38
11834.25
14064.60
10963.91
11391.00
13983.00
9695.14
14451.46
10669.68
13087.00
12463.46
10559.70
11173.78
13628.27
9730.94
15480.71
16753.20
15891.52
15832.08
13273.36
18177.36
14135.05
16045.12
13377.98
11356.80
16496.97
13429.14
15109.43
14853.30
12939.56
12623.32
12904.20
15175.81
11198.00
15215.34
14043.66
13213.56
10428.00
10867.08
12981.82
13245.12
14264.83
12993.82
13140.96
9628.47
14003.36
11036.31
11838.19
12425.29
14242.40
15512.24
14872.56
16703.52
16962.06
12863.76
12285.90
12350.52
16081.08
14315.97
13204.88
14178.15
14745.08
11388.43
12760.82
14183.00
12088.75
14192.46
10471.15
12074.46
14101.50
11719.40
12002.06
12754.56
13348.74
14187.13
12554.31
14145.53
11377.73
11748.33
12878.91
11587.63
17690.56
16151.92
16311.84
14574.64
15771.74
13278.72
16108.18
16893.24
14833.41
12162.24
11808.21
15528.45
15196.46
13172.16
12187.30
15175.81
12088.75
14959.62
12072.62
12188.37
9480.00
8842.82
10654.89
10547.04
13348.74
15247.85
11263.68
12362.48
14503.48
10205.62
11708.10
15217.49
17990.40
15992.00
13273.36
13919.60
17408.43
15906.80
10920.80
14337.96
16219.71
12288.93
11681.24
16203.60
13541.40
13583.79
15771.80
15317.64
10434.50
14703.90
12072.62
11618.82
11139.00
9908.22
14451.46
13245.12
12825.26
14850.08
10794.36
9747.34
14628.51
9968.28
11187.74
14519.44
17840.48
13753.12
17431.28
16703.52
14283.84
16598.40
15835.16
12492.48
14694.78
10135.20
11427.30
15798.51
15497.38
11525.64
14194.62
15033.98
12725.00
11251.68
11703.05
11391.00
12324.00
8842.82
13716.64
12999.84
15442.66
11667.92
9621.06
13432.31
10877.61
13884.39
11578.01
11587.63
14692.16
14872.56
16151.92
13919.60
15622.95
11065.60
13787.51
16467.36
14833.41
14189.28
14601.55
12962.88
12939.56
12760.53
13477.72
16310.45
10561.75
15215.34
13427.71
12302.28
14220.00
10760.54
11512.18
12877.20
12825.26
13126.41
13962.27
12124.74
14378.45
11036.31
13529.36
14659.05
14992.00
14392.80
17271.36
18832.40
16962.06
13555.36
14606.57
14196.00
13031.22
14822.73
12950.94
13097.91
16550.60
13172.16
11613.78
16452.28
10434.50
12530.28
14782.80
12416.19
9835.50
12358.64
10042.54
14716.80
13217.87
13391.59
10911.69
11530.39
13253.18
13409.71
14309.90
12564.90
14692.16
13753.12
16151.92
13919.60
15325.37
16045.12
16381.20
13344.24
13031.22
14822.73
11173.36
12827.85
17001.98
15230.31
13334.34
15175.81
11961.50
14703.90
12934.95
10821.45
13864.50
8736.28
12002.06
12386.64
15311.79
12198.28
11146.35
10460.56
12628.03
13528.38
13009.00
13681.78
15291.84
15352.32
12793.60
15065.92
12795.94
14661.92
13104.96
16893.24
11506.29
11148.72
13077.91
13773.06
15046.00
11114.01
14768.14
13899.34
14633.75
11251.68
12319.00
13213.56
12916.50
8736.28
11267.24
14716.80
10600.47
12861.23
10794.36
9985.08
14503.48
13647.05
12878.91
12425.29
16940.96
13913.04
13273.36
18013.60
13986.26
12172.16
14606.57
16467.36
16635.60
12922.38
15109.43
14988.33
16550.60
15230.31
15915.18
11771.89
10816.25
11379.54
10101.58
9796.26
13864.50
10334.38
10777.36
10301.76
13087.00
12198.28
10677.03
12719.09
13878.33
9849.61
11578.01
11448.02
15741.60
19190.40
19030.48
13428.32
16515.69
15906.80
14197.04
13344.24
14694.78
11782.17
12316.09
15798.51
12488.18
11525.64
14194.62
16168.62
15270.00
13425.30
11456.67
13441.38
13746.00
11825.94
12614.41
10301.76
11647.43
15645.62
13375.62
11887.00
13253.18
11273.65
10927.56
13542.17
14392.32
13113.44
15672.16
14574.64
12200.78
12587.12
13241.47
15047.76
13724.37
12415.62
12443.06
13773.06
17001.98
11800.06
11900.54
16877.77
13743.00
14320.32
13427.71
11618.82
11850.00
12571.72
9797.60
10914.96
10600.47
14850.08
11615.67
13313.44
11877.85
9493.60
10797.47
15915.54
15291.84
15512.24
13433.28
18177.36
12349.57
13002.08
11603.35
15615.60
15942.45
10388.58
13458.82
15258.39
17001.98
13995.42
13334.34
16310.45
11961.50
11635.26
12934.95
9226.71
9835.50
9908.22
11634.65
14348.88
12825.26
10607.20
12788.97
11411.52
14128.39
13053.70
13139.09
11866.85
14992.00
17431.28
13593.20
18668.64
15325.37
15906.80
15698.65
12492.48
14140.26
12035.55
12950.94
15798.51
14895.54
14269.84
13190.96
12339.21
13997.50
12274.56
14290.04
9226.71
12679.50
10867.08
11144.77
10424.40
13479.61
11402.74
11263.68
13907.79
10502.52
9493.60
15350.62
13262.95
15591.68
18390.80
14552.72
14083.36
14432.63
13002.08
15425.63
14054.04
11922.18
10895.34
10411.54
14178.15
15196.46
12760.53
12904.20
14608.49
13234.00
15215.34
14659.61
12416.19
10428.00
10867.08
11757.12
11650.80
14133.96
12596.05
13610.28
9985.08
12377.97
12223.01
10537.29
14798.66
15141.92
18390.80
12953.52
15720.96
13093.52
13832.00
12012.88
15899.52
15665.19
10261.89
13077.91
13097.91
12488.18
13446.58
13047.58
15459.47
10180.00
11507.40
11949.43
11504.91
11613.00
12678.26
13594.17
14226.24
13479.61
15115.26
9503.73
13670.05
14503.48
13409.71
10407.20
13402.56
14392.32
16151.92
13113.44
13592.08
12647.15
14246.96
12012.88
11640.72
11644.92
15202.80
12570.03
15393.42
12036.80
15641.94
14051.24
12197.38
10307.25
12018.84
10347.96
12074.46
13627.50
12358.64
12859.35
13122.48
11647.43
11004.97
12084.99
9985.08
14003.36
10798.97
13919.63
15496.71
15291.84
15672.16
12953.52
14410.88
12200.78
11203.92
15835.16
15757.56
11506.29
12795.69
12062.15
13773.06
12789.10
14132.63
12474.06
12197.38
14888.25
13808.88
11210.29
12416.19
10783.50
10547.46
10165.01
13122.48
12040.04
12198.28
11967.66
11530.39
10752.58
14240.40
13139.09
14100.61
16791.04
14552.72
18230.88
14738.40
12944.73
11757.20
13924.02
15047.76
13863.00
14696.04
10919.42
13638.03
15798.30
14269.84
17062.22
15033.98
10307.25
12018.84
13427.71
11846.64
13864.50
11825.94
10165.01
12018.72
14657.44
11667.92
10207.71
12600.22
15003.60
9612.27
15610.80
12564.90
12293.44
12953.52
16151.92
19159.92
14581.42
11065.60
14197.04
14196.00
14694.78
11402.10
11935.18
14853.30
12638.64
13995.42
16058.56
11346.40
10816.25
12146.70
14043.66
10479.72
11139.00
8949.36
11879.59
13980.96
11385.69
13921.95
12554.31
9985.08
13628.27
14240.40
10927.56
13262.95
17090.88
17111.44
16471.76
16048.48
15027.79
14523.60
12968.45
13202.28
15665.19
13682.52
12443.06
13773.06
16400.14
12348.90
12330.68
14466.66
14888.25
13425.30
9855.20
9112.80
13983.00
9375.52
9797.60
11528.16
11385.69
11667.92
12084.99
11649.26
13503.24
10205.62
13659.45
12146.07
13642.72
16951.52
18870.56
18832.40
14283.84
13555.36
15971.67
11356.80
12199.44
14569.35
14093.67
12017.67
17001.98
14955.89
12187.30
11913.72
13615.75
10484.52
14413.23
9112.80
13390.50
9268.98
12491.94
13980.96
13610.48
12463.46
13962.27
12362.48
11627.79
13172.37
13529.36
15636.32
12593.28
17911.04
15512.24
15720.96
15474.16
14108.64
15835.16
16325.40
16496.97
14442.66
11427.30
12962.88
15346.92
11937.27
16488.70
13048.36
10816.25
12274.56
12195.81
10251.90
9835.50
11825.94
14328.99
12018.72
13217.87
10607.20
13023.63
10222.82
12002.88
13291.04
11968.28
14798.66
15741.60
12953.52
18230.88
17194.80
13242.31
13970.32
11193.82
16041.48
13863.00
14569.35
14093.67
13097.91
13240.48
13034.95
15628.42
12197.38
14252.00
11635.26
11703.05
10251.90
9954.00
10654.00
12859.35
10669.68
13479.61
11004.97
12319.65
13788.92
13753.30
13765.72
15480.71
12704.51
12743.20
18230.88
16311.84
18013.60
17854.80
15215.20
11876.37
13060.32
15942.45
12415.62
15236.40
11072.46
13240.48
13172.16
16488.70
16452.28
11325.25
11763.12
11703.05
11504.91
11494.50
10760.54
10532.42
13245.12
14788.31
11667.92
11615.67
14026.66
10252.46
14003.06
11317.83
15636.32
13492.80
13113.44
15832.08
13592.08
14283.84
11757.20
11739.86
13486.20
14694.78
13429.14
11935.18
15933.54
16099.22
14681.47
14194.62
15317.64
13615.75
11123.82
13181.33
12074.46
12916.50
11612.86
13961.58
13858.32
14003.09
11667.92
10794.36
10103.95
15003.60
13053.70
10407.20
16473.98
17540.64
17591.20
13433.28
16703.52
17854.80
16045.12
13651.00
12492.48
12615.33
11528.79
10665.48
14988.33
17152.44
14132.63
15628.42
16735.94
12343.25
11507.40
10471.15
10365.81
9835.50
9268.98
13839.11
10056.48
13087.00
14319.72
9621.06
14264.40
12503.00
9493.60
12618.73
15357.10
17840.48
16951.52
13913.04
15393.44
15176.58
12725.44
15698.65
12634.44
11367.66
12795.69
14093.67
12152.70
17754.28
12897.74
16201.94
12481.04
14252.00
14831.76
13304.52
9682.35
12561.00
11186.70
12247.00
12386.64
11254.82
14584.90
11029.02
9747.34
11377.73
11036.31
13399.27
16194.76
12293.44
15192.40
19030.48
19323.68
15027.79
11618.88
11193.82
16041.48
11367.66
12288.93
13839.73
11207.49
12036.80
12760.53
12760.82
16877.77
13615.75
12530.28
13550.90
12188.37
9598.50
10760.54
10654.89
12264.00
12825.26
12861.23
11029.02
12005.87
13378.21
11985.67
14830.26
15357.10
17840.48
15032.48
12953.52
13755.84
16664.48
15768.48
10920.80
13770.12
14001.63
12669.00
10919.42
16068.57
16249.68
13721.00
13190.96
15033.98
10561.75
11251.68
12811.76
9340.62
13746.00
9588.60
11389.71
11528.16
11123.95
15513.03
9738.39
10460.56
14128.39
13291.04
10667.38
16334.37
14242.40
17431.28
18390.80
17686.08
14135.05
11757.20
14060.53
16467.36
13169.85
10515.27
12443.06
15258.39
12638.64
15504.73
16201.94
15175.81
10307.25
14831.76
11456.67
9226.71
11494.50
10014.76
11757.12
13735.68
15180.92
15645.62
9738.39
13670.05
12127.91
10561.63
12228.46
11727.24
12443.36
18230.88
17271.36
16703.52
14581.42
11480.56
14606.57
16609.32
14972.04
13049.07
12189.12
11207.49
14143.24
14132.63
16345.32
15743.13
14252.00
10740.24
12688.57
11618.82
9954.00
8736.28
10042.54
13490.40
15050.05
11535.33
14079.60
13194.57
10252.46
13409.71
14700.17
14659.05
13192.96
18230.88
14392.80
13100.80
12498.36
13832.00
12149.39
13486.20
13169.85
13302.45
13712.76
14043.12
15046.00
14681.47
11470.40
15884.96
12597.75
12913.86
11210.29
10593.63
12087.00
8523.20
10532.42
13367.76
14657.44
14717.49
11850.33
9509.60
14253.42
12341.68
11187.74
12425.29
17090.88
14552.72
14552.72
17358.56
12200.78
12033.84
14743.08
12492.48
11644.92
11022.03
12697.00
16068.57
13541.40
11388.43
14481.38
13190.19
15142.75
11635.26
10224.77
9226.71
11139.00
11932.48
12369.47
9933.84
12170.91
13656.77
11263.68
9628.47
12753.06
10442.96
12358.55
12844.12
13192.96
14072.96
16471.76
14574.64
16218.11
13278.72
12558.92
15615.60
15110.67
12542.31
10411.54
10802.40
17453.36
11800.06
15771.80
15743.13
15270.00
13297.44
13674.09
13099.65
13272.00
9482.06
10409.95
9811.20
10600.47
13789.36
10090.38
11887.00
12878.09
13884.39
10667.38
15217.49
15741.60
16311.84
17591.20
19651.20
13391.10
12725.44
13514.49
13202.28
16219.71
10135.20
14347.61
12422.76
13541.40
14681.47
12043.92
14608.49
14379.25
15343.20
12565.38
13327.47
9835.50
10334.38
10532.42
14594.16
13479.61
13391.59
9386.40
12481.35
12628.03
10086.95
13529.36
11866.85
17390.72
13753.12
15512.24
17522.32
17854.80
12448.80
14197.04
16325.40
15665.19
13682.52
10792.45
11342.52
12187.26
15230.31
14051.24
12622.87
12725.00
12658.14
12195.81
11391.00
14101.50
12039.02
10654.89
10669.68
12563.52
11270.15
12202.32
11173.78
13378.21
12816.36
14309.90
15496.71
17090.88
17591.20
15512.24
16048.48
14730.21
13140.40
13924.02
17035.20
13031.22
15076.11
10919.42
16068.57
15196.46
14269.84
16201.94
11913.72
14379.25
13425.30
10347.96
11391.00
10783.50
9482.06
13471.70
12386.64
14919.18
15115.26
11850.33
10698.30
12753.06
10917.64
11578.01
12146.07
17090.88
15832.08
16951.52
15065.92
12051.99
16183.44
12968.45
13202.28
14694.78
14315.97
11554.27
15933.54
15497.38
12211.69
13907.86
13190.19
14506.50
13808.88
10224.77
13213.56
13153.50
11186.70
12247.00
12631.92
14003.09
13921.95
12202.32
11887.00
12377.97
11985.67
14179.81
11168.80
16791.04
12793.60
17111.44
17522.32
17408.43
15768.48
15562.14
15899.52
11367.66
13049.07
13458.82
11882.64
12638.64
14407.05
14624.76
16026.79
10434.50
11763.12
14043.66
12074.46
13035.00
9268.98
12859.35
10669.68
13217.87
15247.85
12202.32
10698.30
10252.46
10324.29
14700.17
12285.68
16641.12
13433.28
14392.80
14410.88
17706.01
13002.08
15289.12
11498.76
11506.29
13429.14
13331.85
12827.85
17453.36
11251.22
14911.52
14041.17
12470.50
11635.26
11456.67
13213.56
11850.00
11506.32
12981.82
13613.04
13872.22
14584.90
11381.01
9866.21
11877.85
10680.30
15480.71
15915.54
12293.44
16631.68
16311.84
17031.04
16813.27
15076.88
12558.92
13344.24
12476.70
13049.07
14855.49
15933.54
12187.26
16190.78
15771.80
12197.38
15015.50
11251.68
11456.67
10137.99
12798.00
10654.00
13716.64
11037.60
14003.09
12861.23
12084.99
11292.65
11127.67
12460.35
14309.90
15636.32
17540.64
17431.28
16471.76
18013.60
15027.79
14385.28
11876.37
14196.00
15526.56
15202.80
10665.48
10802.40
15948.76
12211.69
13621.10
12764.70
11198.00
15215.34
10717.53
13441.38
13627.50
8523.20
13226.76
12999.84
15442.66
15115.26
13258.29
13075.70
14253.42
12579.02
13789.54
16473.98
16940.96
14072.96
15032.48
15884.72
12647.15
12863.76
14333.55
13770.12
15526.56
13429.14
11173.36
15123.36
17453.36
12074.48
14194.62
12764.70
14633.75
10356.66
10594.34
11163.18
10665.00
10227.84
14084.05
12018.72
15311.79
14850.08
13492.95
11649.26
13628.27
9493.60
15350.62
12564.90
15591.68
13113.44
16791.60
15065.92
12349.57
14523.60
10920.80
12350.52
15110.67
11908.86
14093.67
15123.36
13691.86
16190.78
13907.86
14324.83
14633.75
12658.14
10717.53
13669.20
13864.50
11080.16
12002.06
11650.80
11254.82
11800.51
12436.98
12124.74
14628.51
12579.02
12748.82
13961.00
14092.48
16631.68
19030.48
13592.08
12795.94
12033.84
14879.59
16467.36
16358.34
11402.10
12062.15
15798.51
15346.92
11114.01
13334.34
17019.60
13488.50
13425.30
13797.28
11277.09
9598.50
8949.36
14696.40
10669.68
10600.47
15115.26
11263.68
10341.69
11752.82
10086.95
12098.37
11168.80
14992.00
17111.44
13913.04
19651.20
16218.11
13417.04
14606.57
16751.28
15526.56
11528.79
10792.45
13232.94
15046.00
16327.99
12330.68
13190.19
11325.25
10868.10
13181.33
12074.46
13746.00
8629.74
11512.18
13245.12
12170.91
13921.95
11263.68
11411.52
13128.15
10680.30
11057.65
12564.90
13192.96
13273.36
18230.88
17849.84
17557.22
15491.84
10920.80
11782.68
15803.82
11022.03
13966.70
12692.82
15196.46
11114.01
13334.34
13190.19
12470.50
10740.24
12688.57
10251.90
12324.00
11293.24
11512.18
10301.76
10600.47
14054.54
11498.34
11173.78
11752.82
14240.40
15220.53
16473.98
17390.72
14232.88
14872.56
14738.40
14283.84
13417.04
13651.00
14479.92
16219.71
14696.04
11046.39
11072.46
17152.44
15916.36
14624.76
16026.79
14633.75
10228.80
12934.95
11846.64
12679.50
10867.08
14328.99
14471.52
15442.66
15910.80
11498.34
11411.52
14003.36
10205.62
14700.17
15775.93
14692.16
15672.16
14072.96
18668.64
12647.15
13555.36
15971.67
15189.72
15665.19
12542.31
13966.70
10937.43
14293.70
15230.31
13907.86
12481.04
14124.75
13808.88
10347.96
9226.71
13035.00
12252.10
11267.24
13858.32
12956.13
13656.77
10442.37
11530.39
12878.09
13053.70
14049.72
14100.61
16341.28
18390.80
16791.60
13919.60
12647.15
12587.12
12695.43
16609.32
13169.85
12922.38
14728.52
14583.24
17453.36
13034.95
12617.44
13048.36
11834.25
14959.62
13674.09
13213.56
9480.00
8949.36
9797.60
11528.16
13348.74
13921.95
9621.06
13670.05
11127.67
13884.39
14570.08
12146.07
14692.16
14552.72
16631.68
13100.80
12498.36
11757.20
15971.67
13486.20
15249.30
13429.14
10284.57
15933.54
14745.08
15504.73
12617.44
14324.83
12852.25
12913.86
11579.86
9226.71
11139.00
10334.38
11879.59
12018.72
13610.48
12463.46
11029.02
13194.57
10002.40
12104.34
10537.29
16334.37
16341.28
18870.56
18550.72
16376.00
15771.74
13693.68
12695.43
15331.68
12615.33
14696.04
13458.82
14178.15
12488.18
11388.43
14481.38
13048.36
11707.00
12913.86
13674.09
13099.65
12442.50
9375.52
14206.52
11528.16
14133.96
15247.85
11029.02
14264.40
12753.06
11273.65
13139.09
12146.07
16191.36
14232.88
15992.00
19487.44
16366.90
14108.64
15835.16
16751.28
15942.45
14062.59
13331.85
15933.54
16701.06
12348.90
16201.94
12339.21
11198.00
14831.76
12565.38
12416.19
13509.00
12571.72
11389.71
12509.28
12301.78
11800.51
12671.64
12243.61
11752.82
13884.39
15090.44
14100.61
13792.64
16631.68
15352.32
15884.72
17259.64
15076.88
12831.94
13344.24
13308.48
10641.96
13966.70
16068.57
17603.82
16327.99
16345.32
12339.21
13106.75
15087.48
11210.29
13669.20
9598.50
9695.14
12124.53
12141.36
10600.47
13921.95
12319.65
10579.43
10752.58
13053.70
14439.99
14379.83
13942.56
14232.88
15192.40
18177.36
13837.47
13417.04
14606.57
12350.52
11644.92
13809.21
10411.54
15663.48
17904.74
14544.26
16201.94
16877.77
10816.25
12274.56
9978.39
10137.99
9598.50
11932.48
10532.42
9811.20
11385.69
14319.72
9503.73
13432.31
11252.70
10442.96
13269.18
12146.07
12143.52
14712.64
14712.64
17522.32
12051.99
13278.72
13104.96
15331.68
13447.11
13935.90
10411.54
12017.67
13691.86
14132.63
12760.82
12906.53
14888.25
12274.56
13181.33
10821.45
11139.00
8629.74
13104.29
12018.72
12956.13
13391.59
11498.34
14264.40
13628.27
11985.67
12228.46
13821.39
16341.28
15032.48
17751.12
15884.72
12647.15
13140.40
11057.31
11782.68
16358.34
10261.89
10665.48
13232.94
15196.46
14544.26
13477.72
12197.38
11961.50
10740.24
11333.48
10821.45
11376.00
9908.22
13349.23
10179.12
14133.96
14054.54
10911.69
11768.13
10002.40
12341.68
11838.19
15357.10
14542.24
18230.88
18710.64
14574.64
16218.11
13140.40
14197.04
12492.48
15942.45
11148.72
12189.12
13503.00
14444.16
13995.42
12904.20
13473.85
14506.50
10484.52
10224.77
9796.26
12561.00
10867.08
14206.52
10056.48
10600.47
11933.10
13610.28
13313.44
10127.43
12341.68
15220.53
15217.49
12593.28
18870.56
19190.40
18996.16
17408.43
15491.84
16244.69
14337.96
12753.96
11148.72
10157.60
15798.51
16851.52
13309.37
13047.58
15459.47
14252.00
12913.86
12565.38
12530.10
9598.50
10334.38
12736.88
13490.40
14003.09
15645.62
10677.03
9866.21
14128.39
11036.31
15610.80
13402.56
17840.48
14072.96
13113.44
16376.00
17110.85
13417.04
12831.94
16325.40
16081.08
10895.34
12697.00
14043.12
12939.56
14132.63
14338.00
11346.40
15015.50
13808.88
13427.71
12871.83
11376.00
9055.90
14084.05
9811.20
15180.92
13259.00
11146.35
14026.66
14378.45
11273.65
10797.47
13123.34
12743.20
17271.36
12793.60
13264.56
12051.99
12725.44
13651.00
11640.72
13169.85
13555.83
10919.42
14988.33
14895.54
13583.79
16488.70
16735.94
13743.00
15343.20
13181.33
12644.01
10309.50
10654.00
12124.53
14348.88
13217.87
12065.69
9621.06
9628.47
13878.33
12816.36
14439.99
14659.05
12743.20
13273.36
17271.36
17194.80
14432.63
12863.76
11466.84
16183.44
16358.34
13175.76
15109.43
10802.40
12488.18
13172.16
13334.34
11488.23
14506.50
10868.10
12688.57
12530.10
14220.00
9588.60
11022.30
10914.96
10600.47
15247.85
12084.99
14264.40
12628.03
9493.60
14309.90
15496.71
13342.88
14232.88
15352.32
13919.60
14730.21
13555.36
11739.86
13202.28
13863.00
12669.00
10157.60
12152.70
14745.08
13721.00
16918.84
15459.47
15015.50
13425.30
13674.09
13669.20
14101.50
10121.30
13471.70
13858.32
15050.05
14717.49
11967.66
11530.39
13753.30
11392.32
15350.62
16613.59
14242.40
18070.96
16631.68
17194.80
15771.74
14523.60
14606.57
14337.96
14694.78
13682.52
14220.64
14583.24
13992.78
13172.16
15198.28
13615.68
10816.25
14959.62
12565.38
11163.18
10546.50
12678.26
13594.17
14348.88
10469.60
14054.54
13962.27
12837.96
10377.49
11867.00
14700.17
16194.76
12143.52
15992.00
15032.48
14083.36
13688.68
15906.80
10920.80
11924.64
12338.07
11908.86
12950.94
14448.21
14895.54
15916.36
16775.46
15317.64
15142.75
12274.56
13674.09
9796.26
13864.50
10440.92
11389.71
13735.68
14264.83
13524.18
13375.62
10579.43
14378.45
11154.98
15480.71
14379.83
17090.88
17111.44
19190.40
19323.68
17854.80
14800.24
13514.49
13912.08
13863.00
10388.58
13966.70
12152.70
13090.02
15779.15
15771.80
15884.96
11834.25
14192.46
12442.19
13555.29
13627.50
8629.74
11879.59
11405.52
11647.43
14452.31
11733.00
12600.22
12753.06
9968.28
11187.74
16473.98
13342.88
13113.44
15992.00
15720.96
15325.37
14661.92
15562.14
16609.32
12060.81
13302.45
14474.58
10937.43
12187.26
12486.11
14481.38
13332.02
11834.25
10356.66
10840.72
11960.55
10309.50
8842.82
9797.60
13245.12
14395.70
10607.20
9621.06
9628.47
11002.64
10680.30
14570.08
15496.71
13642.72
18390.80
14392.80
19159.92
12647.15
16321.76
13787.51
16041.48
14694.78
14189.28
11681.24
13638.03
16099.22
11388.43
15341.66
12481.04
13997.50
10740.24
9978.39
10593.63
9954.00
9055.90
14328.99
14594.16
11778.30
13789.36
9621.06
11173.78
13378.21
9968.28
10927.56
14100.61
17840.48
13273.36
16311.84
14738.40
15176.58
15491.84
11330.33
11640.72
14833.41
12288.93
13077.91
15933.54
16099.22
13309.37
13047.58
13332.02
12852.25
14959.62
14659.61
13327.47
9717.00
12784.80
10287.48
12386.64
12563.52
13126.41
12554.31
13194.57
14128.39
13172.37
11968.28
14519.44
12743.20
17591.20
13913.04
13428.32
13242.31
11895.52
16244.69
13486.20
11367.66
11655.48
14347.61
12557.79
17453.36
12897.74
13047.58
15601.30
13361.25
10612.38
11703.05
9226.71
10428.00
9268.98
9920.07
14594.16
11385.69
14187.13
14079.60
14145.53
12753.06
12341.68
11057.65
16613.59
17090.88
17111.44
17591.20
16539.76
12944.73
15215.20
14197.04
12776.40
11922.18
15076.11
12697.00
15123.36
12638.64
11937.27
15485.04
12055.55
14888.25
12658.14
11210.29
11391.00
11968.50
12784.80
13594.17
14348.88
11909.17
11535.33
11967.66
10103.95
12628.03
13647.05
14960.35
13542.17
12293.44
18550.72
16631.68
15393.44
12349.57
14661.92
14879.59
13344.24
14694.78
15076.11
10411.54
13367.97
12488.18
11800.06
14481.38
13899.34
13488.50
12146.70
13304.52
12074.46
10191.00
9268.98
12859.35
12754.56
11778.30
11137.56
9973.05
10222.82
12503.00
14003.06
11187.74
16613.59
13492.80
14872.56
16791.60
19487.44
13391.10
13970.32
12831.94
14196.00
14972.04
13682.52
12950.94
15258.39
17904.74
11114.01
15198.28
11913.72
13234.00
11635.26
11703.05
10365.81
13035.00
9801.68
13471.70
10056.48
14133.96
12596.05
11615.67
11173.78
11752.82
10442.96
10407.20
14938.27
17240.80
16951.52
12953.52
19323.68
12200.78
12587.12
16108.18
13912.08
14972.04
11655.48
11935.18
13232.94
14143.24
13721.00
13621.10
15175.81
14124.75
10484.52
10963.91
13327.47
13864.50
11719.40
9797.60
14348.88
12956.13
15380.44
12202.32
12600.22
12503.00
12579.02
10927.56
15077.88
16191.36
13913.04
12953.52
15229.68
13093.52
12033.84
11876.37
12066.60
14972.04
12035.55
13204.88
11207.49
17152.44
11800.06
16058.56
15459.47
12343.25
12146.70
13058.14
11163.18
12561.00
10867.08
11879.59
11528.16
15442.66
10607.20
12436.98
14264.40
10752.58
13172.37
11708.10
12983.73
17690.56
13913.04
16311.84
17031.04
17259.64
13693.68
14743.08
14054.04
13031.22
10261.89
14855.49
14043.12
16099.22
11114.01
14338.00
14183.00
15142.75
12402.42
13674.09
11732.73
13746.00
9055.90
11144.77
10792.32
12694.39
13126.41
11263.68
10936.04
13003.12
12816.36
13659.45
15496.71
14092.48
18230.88
18710.64
18504.88
15920.53
14523.60
13241.47
12918.36
11506.29
14569.35
12570.03
15663.48
12337.72
15093.10
12474.06
11630.06
15015.50
13936.74
12811.76
11618.82
11257.50
11506.32
11389.71
12754.56
15442.66
12993.82
13610.28
11887.00
14003.36
13291.04
13529.36
14100.61
17540.64
15512.24
15352.32
13592.08
17854.80
14108.64
14879.59
13344.24
13724.37
13175.76
13204.88
12692.82
15647.84
13583.79
13764.48
14324.83
11834.25
14576.04
11456.67
9796.26
9835.50
10654.00
12859.35
11773.44
14657.44
15778.21
13023.63
10341.69
10252.46
9730.94
13529.36
14379.83
14842.08
18070.96
13913.04
18668.64
12498.36
11065.60
12695.43
11924.64
12892.59
14315.97
10538.51
14988.33
12488.18
16053.57
15054.90
11913.72
14761.00
12786.00
14536.42
13099.65
9954.00
8629.74
12491.94
13122.48
13348.74
11933.10
9621.06
13432.31
10502.52
12223.01
15350.62
15636.32
14542.24
18710.64
13753.12
14247.12
12051.99
12033.84
15971.67
16325.40
13724.37
13429.14
11173.36
16203.60
17603.82
12897.74
12330.68
14608.49
15015.50
13169.58
10963.91
11391.00
12205.50
9588.60
13471.70
12264.00
13348.74
10872.38
10911.69
11292.65
13503.24
9849.61
14960.35
11308.41
17990.40
16151.92
13753.12
14902.16
12944.73
11342.24
13787.51
14196.00
14278.89
13682.52
13458.82
13908.09
13842.32
11662.85
13621.10
13757.51
12852.25
11507.40
14043.66
11049.27
9835.50
11080.16
13349.23
10179.12
12563.52
12198.28
10559.70
10341.69
14503.48
10561.63
10667.38
14100.61
14242.40
16151.92
18390.80
14902.16
12051.99
13832.00
12422.41
12918.36
15387.93
15202.80
10411.54
11747.61
18055.20
14681.47
14481.38
16877.77
12216.00
13297.44
13674.09
12871.83
10309.50
9908.22
14696.40
11037.60
12694.39
12463.46
13258.29
13313.44
12002.88
13291.04
10667.38
15217.49
16041.44
13593.20
16951.52
16539.76
15325.37
15768.48
11466.84
15047.76
14833.41
14696.04
12062.15
15123.36
13992.78
12211.69
14624.76
13473.85
10689.00
12658.14
10224.77
11049.27
13627.50
10654.00
13839.11
14348.88
13087.00
14717.49
10207.71
14026.66
15003.60
10324.29
15090.44
13681.78
17990.40
13273.36
13753.12
16376.00
16515.69
12172.16
14470.06
15615.60
12338.07
12162.24
12189.12
14178.15
12187.26
13172.16
12330.68
12622.87
13615.75
14320.32
11333.48
10024.08
11850.00
10334.38
10654.89
13858.32
14133.96
11270.15
13140.96
10222.82
10252.46
9968.28
10927.56
13123.34
14842.08
19030.48
14712.64
15884.72
16664.48
11480.56
13787.51
13770.12
15942.45
13429.14
10284.57
13773.06
15798.30
15230.31
15198.28
17019.60
10689.00
12274.56
14659.61
11846.64
9598.50
10760.54
10409.95
12264.00
14264.83
14452.31
12084.99
12719.09
14128.39
13409.71
12488.64
14240.22
15591.68
13753.12
17911.04
15065.92
15176.58
11065.60
12558.92
17035.20
13031.22
12795.69
13204.88
15528.45
14895.54
13858.21
14624.76
13899.34
10561.75
15343.20
11579.86
11618.82
12916.50
8736.28
10287.48
13613.04
15442.66
13391.59
10090.38
10460.56
11252.70
11985.67
14700.17
15217.49
15741.60
14232.88
16471.76
18504.88
16515.69
16321.76
14470.06
11924.64
15110.67
14062.59
14093.67
14178.15
18055.20
11114.01
11470.40
12481.04
12597.75
10228.80
10224.77
11960.55
9835.50
12358.64
11634.65
14226.24
15704.40
14187.13
10090.38
13194.57
13628.27
10680.30
12618.73
16194.76
16641.12
17271.36
16311.84
16867.28
12349.57
14246.96
15971.67
12208.56
15526.56
12795.69
14982.46
16203.60
12939.56
12486.11
15341.66
15175.81
11707.00
15215.34
11210.29
12757.92
10428.00
10867.08
10042.54
11160.24
14919.18
15778.21
10911.69
11887.00
11127.67
12579.02
15090.44
15217.49
13342.88
16791.60
14552.72
16703.52
15622.95
12448.80
15152.61
14054.04
14833.41
12162.24
12697.00
16068.57
12488.18
12348.90
16345.32
15033.98
10943.50
10356.66
11456.67
9226.71
9480.00
9908.22
10042.54
12877.20
11778.30
11402.74
10559.70
13907.79
11877.85
10798.97
13269.18
12006.46
17690.56
13593.20
18070.96
13919.60
16515.69
12310.48
12012.88
13060.32
11090.40
15076.11
13077.91
14178.15
17001.98
13446.58
12474.06
13332.02
14252.00
15087.48
14290.04
11732.73
13035.00
11186.70
14084.05
14471.52
14657.44
12861.23
13962.27
11173.78
14128.39
12104.34
10927.56
14659.05
14692.16
17431.28
12793.60
17522.32
14730.21
14523.60
12012.88
11356.80
15942.45
12035.55
10792.45
14178.15
17603.82
13583.79
12187.30
14324.83
11452.50
14320.32
10347.96
12871.83
10191.00
11293.24
11879.59
10547.04
14919.18
15645.62
13844.94
12719.09
12503.00
13528.38
10927.56
11727.24
17990.40
13913.04
17271.36
16376.00
17110.85
15215.20
15016.10
15899.52
14694.78
11402.10
12950.94
14313.18
13090.02
15230.31
12474.06
14750.32
12343.25
11763.12
13058.14
12302.28
13627.50
11719.40
12736.88
13367.76
13741.35
11933.10
11263.68
11054.91
10252.46
9730.94
10667.38
13821.39
16341.28
12953.52
18070.96
18996.16
15176.58
11342.24
15835.16
16751.28
12476.70
11148.72
10792.45
13773.06
17302.90
15504.73
11757.16
15459.47
14379.25
11763.12
14659.61
11391.00
13390.50
10440.92
12981.82
13490.40
11385.69
11402.74
12436.98
9747.34
12252.94
11985.67
10667.38
14659.05
15741.60
13593.20
17271.36
17849.84
16218.11
13970.32
13924.02
13912.08
15249.30
12922.38
14601.55
13097.91
15948.76
14544.26
17062.22
15884.96
12343.25
11763.12
13550.90
9226.71
10428.00
8629.74
11022.30
14594.16
14919.18
12861.23
14079.60
10698.30
13628.27
10324.29
12748.82
16334.37
12743.20
13753.12
18230.88
18013.60
13539.89
11757.20
14333.55
16893.24
13169.85
13555.83
13839.73
13908.09
12939.56
12623.32
14624.76
16594.11
11834.25
11251.68
11579.86
11163.18
13035.00
9375.52
11389.71
10056.48
14919.18
14319.72
11498.34
12600.22
12878.09
13291.04
15220.53
11448.02
17090.88
16631.68
13593.20
16703.52
13093.52
13417.04
14470.06
13060.32
11367.66
12542.31
13839.73
12017.67
15798.30
14544.26
12617.44
12197.38
11452.50
13169.58
10224.77
11049.27
10191.00
10654.00
11144.77
12141.36
13741.35
12463.46
10559.70
11173.78
14253.42
10205.62
12618.73
13402.56
13043.04
14552.72
16791.60
18177.36
15920.53
13278.72
13651.00
13202.28
14140.26
14822.73
10919.42
13097.91
16701.06
13034.95
11900.54
13048.36
13106.75
15343.20
11456.67
9796.26
10191.00
10227.84
11634.65
12141.36
15573.53
11933.10
10794.36
13075.70
14128.39
12816.36
12878.91
15775.93
14992.00
19190.40
14872.56
19159.92
13391.10
12172.16
12285.90
15473.64
11367.66
13302.45
13585.79
14853.30
17152.44
11800.06
13190.96
16168.62
15015.50
14576.04
14166.85
13327.47
10902.00
12252.10
11022.30
12999.84
14264.83
14717.49
10325.04
11530.39
13003.12
9730.94
12098.37
15636.32
16191.36
18070.96
15032.48
19487.44
16962.06
13970.32
15425.63
12634.44
14140.26
14189.28
11808.21
12287.73
16400.14
15504.73
16201.94
16735.94
14761.00
10868.10
10840.72
13327.47
10665.00
10760.54
13961.58
12999.84
14395.70
12728.64
13492.95
9866.21
11377.73
9730.94
11578.01
15077.88
15291.84
18070.96
15672.16
19651.20
17706.01
11757.20
13241.47
12350.52
15942.45
11402.10
15236.40
12152.70
17904.74
13309.37
11757.16
14183.00
10561.75
14192.46
10224.77
10707.54
11376.00
8523.20
12859.35
11037.60
15050.05
14319.72
9503.73
10817.17
14503.48
13053.70
11578.01
14240.22
12593.28
14872.56
17591.20
19323.68
16069.32
14523.60
15698.65
11640.72
11229.03
13809.21
11173.36
11342.52
12939.56
11251.22
12187.30
12764.70
10816.25
12913.86
10594.34
11049.27
11257.50
11399.78
11634.65
10056.48
13610.48
13126.41
12788.97
11768.13
11877.85
12697.69
14830.26
12146.07
15591.68
13113.44
15672.16
15229.68
13539.89
15076.88
13104.96
12634.44
11506.29
12542.31
14093.67
13232.94
14444.16
16327.99
14768.14
14041.17
11579.75
13681.02
13427.71
13099.65
12324.00
11612.86
12369.47
12877.20
14133.96
14319.72
12906.30
9985.08
11627.79
10086.95
12358.55
11308.41
15441.76
15512.24
17111.44
18341.12
15771.74
15353.52
16381.20
14196.00
13863.00
11782.17
11808.21
14313.18
17302.90
13309.37
17062.22
11630.06
15142.75
11890.98
11210.29
9226.71
13983.00
10547.46
14696.40
12999.84
14526.57
14584.90
11263.68
11649.26
10877.61
12223.01
13269.18
11587.63
16341.28
19030.48
14392.80
15884.72
13391.10
11757.20
14060.53
12776.40
15249.30
10641.96
15236.40
13503.00
13240.48
13446.58
14911.52
13190.19
12979.50
13169.58
11087.10
9226.71
12324.00
9482.06
11144.77
10547.04
12956.13
14319.72
11146.35
10579.43
12002.88
10442.96
15480.71
14379.83
16791.04
17911.04
19030.48
19323.68
15622.95
15353.52
11330.33
15331.68
11783.55
14442.66
11173.36
12287.73
17754.28
11662.85
12904.20
13899.34
14633.75
14448.18
12319.00
10935.36
13035.00
9482.06
10654.89
11650.80
12956.13
12728.64
9386.40
11530.39
11127.67
9730.94
11838.19
12146.07
15891.52
15832.08
17911.04
13592.08
16813.27
15491.84
11330.33
14905.80
13863.00
13175.76
11173.36
14988.33
16550.60
12760.53
13621.10
16877.77
12979.50
10612.38
9855.20
12530.10
13627.50
8736.28
14328.99
13367.76
11516.56
14054.54
13258.29
11530.39
14753.54
11748.33
12878.91
11866.85
17240.80
17111.44
17911.04
14574.64
11903.20
15906.80
15562.14
13060.32
11229.03
13429.14
11300.33
14313.18
17302.90
10976.80
16632.08
16594.11
11834.25
12274.56
9978.39
13555.29
12679.50
10760.54
13961.58
12018.72
10600.47
15778.21
13844.94
10936.04
12878.09
13647.05
15220.53
13542.17
12593.28
18390.80
14392.80
14574.64
17110.85
13832.00
11330.33
12776.40
12338.07
11275.41
14474.58
12692.82
14293.70
12348.90
11613.78
14041.17
14633.75
13553.16
13550.90
11049.27
10783.50
9695.14
10532.42
14716.80
12170.91
15910.80
9855.72
13432.31
14628.51
14121.73
11968.28
14659.05
14992.00
13113.44
19190.40
15720.96
13093.52
13832.00
14743.08
16893.24
14972.04
10388.58
13204.88
11612.58
14895.54
13583.79
15915.18
14750.32
14633.75
12913.86
14043.66
12302.28
11494.50
10547.46
12002.06
10424.40
14657.44
15115.26
12084.99
9628.47
14628.51
9968.28
15220.53
14798.66
15741.60
18230.88
17431.28
14083.36
13093.52
11203.92
14470.06
16041.48
11922.18
11782.17
11173.36
13638.03
12638.64
16190.78
13477.72
16877.77
11579.75
10356.66
13427.71
9910.17
12916.50
11825.94
9920.07
10547.04
10469.60
15910.80
13492.95
9866.21
14378.45
10205.62
15480.71
11727.24
12443.36
13273.36
15832.08
13100.80
16962.06
11618.88
13514.49
17035.20
13169.85
13302.45
12697.00
11477.55
12638.64
11800.06
16775.46
13048.36
10943.50
12530.28
13181.33
13441.38
12916.50
9055.90
14451.46
11160.24
10993.08
12993.82
10677.03
10817.17
11377.73
12460.35
14179.81
16613.59
17090.88
15672.16
14072.96
19487.44
15325.37
15076.88
15971.67
15047.76
13308.48
13049.07
11808.21
15798.51
12488.18
14269.84
14911.52
16168.62
11579.75
11763.12
13674.09
12530.10
13035.00
10334.38
13716.64
11650.80
15311.79
12330.87
9386.40
13194.57
14503.48
10917.64
12228.46
15217.49
16641.12
14392.80
19030.48
17849.84
16218.11
13832.00
13651.00
13628.16
14417.52
12922.38
13585.79
15123.36
17754.28
11251.22
12760.82
11346.40
13488.50
12018.84
14782.80
12757.92
10072.50
9801.68
13716.64
12509.28
11254.82
11004.97
11498.34
12124.74
10377.49
9968.28
11578.01
11727.24
13792.64
15672.16
13593.20
14574.64
16218.11
12587.12
16381.20
15473.64
15387.93
14062.59
12570.03
14988.33
14143.24
12623.32
17062.22
17019.60
14124.75
10740.24
12442.19
12530.10
11257.50
10334.38
13839.11
12631.92
15573.53
11535.33
11381.01
13313.44
12252.94
11629.66
14179.81
12006.46
13942.56
16471.76
15832.08
13919.60
13539.89
12448.80
14060.53
15473.64
13863.00
13429.14
10284.57
11477.55
15798.30
16053.57
17205.60
13899.34
10943.50
10740.24
10963.91
10365.81
10072.50
11399.78
13104.29
10301.76
13087.00
13259.00
10559.70
9866.21
10377.49
10442.96
15480.71
16613.59
17690.56
17431.28
17751.12
17849.84
13391.10
12448.80
13924.02
13060.32
11229.03
13175.76
11300.33
16203.60
13090.02
13172.16
14768.14
16452.28
15142.75
13936.74
12934.95
10251.90
10072.50
10227.84
13961.58
13980.96
15180.92
13524.18
9503.73
12481.35
14003.36
10205.62
13399.27
12704.51
12293.44
18710.64
17431.28
18177.36
13242.31
13693.68
13241.47
13770.12
13863.00
12669.00
12316.09
15528.45
15046.00
12623.32
11613.78
15317.64
12343.25
15087.48
12072.62
11732.73
13153.50
11186.70
14451.46
12877.20
13610.48
13126.41
11146.35
12837.96
13878.33
13884.39
15220.53
12704.51
14842.08
18870.56
17751.12
18668.64
15176.58
14800.24
12831.94
12918.36
14417.52
13555.83
12570.03
15123.36
12337.72
15641.94
14911.52
12764.70
11198.00
11890.98
14166.85
11391.00
11968.50
10014.76
11512.18
10424.40
14657.44
15910.80
11263.68
12481.35
11627.79
13884.39
15090.44
13961.00
16791.04
15192.40
18230.88
17358.56
14879.00
13140.40
13651.00
16183.44
11783.55
14442.66
13331.85
15798.51
15497.38
16327.99
16775.46
14041.17
12852.25
15087.48
12072.62
12530.10
13983.00
10121.30
13349.23
12754.56
11254.82
11402.74
13844.94
13551.18
13503.24
12579.02
14570.08
14519.44
12143.52
15032.48
12793.60
19487.44
13242.31
11895.52
13924.02
15899.52
13724.37
12669.00
12189.12
10937.43
17302.90
15779.15
12330.68
12481.04
11198.00
12274.56
11210.29
13441.38
13035.00
10334.38
10287.48
13367.76
12170.91
12198.28
13375.62
9747.34
14003.36
13647.05
14570.08
11448.02
13942.56
14392.80
15032.48
18177.36
16962.06
14523.60
13787.51
15615.60
15942.45
14062.59
14474.58
15528.45
14745.08
11662.85
14194.62
11346.40
12979.50
13425.30
12565.38
11391.00
9717.00
11186.70
12002.06
10669.68
10993.08
12463.46
12202.32
12719.09
12377.97
13647.05
11968.28
11866.85
16641.12
16631.68
15032.48
14247.12
16813.27
12725.44
11193.82
11640.72
14417.52
12669.00
14093.67
12287.73
14293.70
12074.48
16488.70
16168.62
13106.75
14448.18
11087.10
11618.82
10665.00
8736.28
14084.05
13367.76
12432.65
14452.31
13727.61
12600.22
13128.15
11985.67
14960.35
14938.27
15141.92
15992.00
18390.80
14083.36
17408.43
12587.12
10920.80
11924.64
15387.93
12035.55
10411.54
16068.57
13240.48
15093.10
13334.34
16026.79
13488.50
10612.38
11210.29
10593.63
13272.00
12465.18
11389.71
13735.68
11516.56
15910.80
12554.31
10460.56
15003.60
13409.71
14049.72
14379.83
12143.52
14872.56
17911.04
13592.08
12795.94
16598.40
12831.94
14196.00
16081.08
14822.73
10919.42
10937.43
15647.84
15504.73
14194.62
11630.06
12343.25
14192.46
11456.67
12074.46
9598.50
10440.92
14084.05
10669.68
11516.56
14850.08
12671.64
13075.70
14378.45
13291.04
15610.80
12146.07
17540.64
14552.72
15672.16
17358.56
12051.99
12863.76
12831.94
16325.40
11229.03
12542.31
10157.60
15663.48
14293.70
14544.26
13190.96
16452.28
10689.00
13297.44
13427.71
12644.01
13035.00
10334.38
14206.52
13613.04
14264.83
12463.46
9738.39
11768.13
12878.09
9493.60
11968.28
12704.51
17990.40
15192.40
18870.56
16376.00
13093.52
13693.68
15562.14
14905.80
13585.74
11148.72
13077.91
12962.88
14444.16
12486.11
13621.10
12339.21
13743.00
11123.82
14043.66
12074.46
11376.00
9162.44
12124.53
14594.16
10731.34
12463.46
12554.31
11173.78
10127.43
10205.62
10927.56
12844.12
17090.88
12793.60
15992.00
15720.96
17706.01
11480.56
16381.20
15331.68
13724.37
13555.83
11554.27
14448.21
12939.56
11800.06
16201.94
15459.47
11961.50
11251.68
10224.77
12530.10
11139.00
10440.92
10165.01
12141.36
10600.47
13921.95
9503.73
13313.44
10877.61
14240.40
13789.54
15217.49
16191.36
17751.12
16311.84
18996.16
16366.90
14938.56
11466.84
15615.60
11090.40
11275.41
14601.55
12287.73
13541.40
12760.53
15628.42
13473.85
10816.25
10356.66
14536.42
9796.26
13153.50
10121.30
10287.48
14226.24
14264.83
14717.49
10559.70
10936.04
10627.55
11748.33
11317.83
14659.05
17240.80
16791.60
15032.48
17358.56
15325.37
16045.12
15835.16
15757.56
12476.70
14696.04
14601.55
12557.79
15196.46
12623.32
11900.54
14183.00
12852.25
12274.56
10594.34
10479.72
11139.00
8629.74
13839.11
11405.52
12040.04
14982.67
12319.65
11411.52
10002.40
11036.31
10407.20
12844.12
14992.00
17911.04
17591.20
18341.12
16218.11
13278.72
10920.80
14196.00
15942.45
11655.48
10665.48
15393.42
15647.84
13858.21
11757.16
11630.06
10561.75
11635.26
12442.19
10365.81
12916.50
12252.10
11022.30
10424.40
13348.74
12993.82
9621.06
11887.00
13003.12
14121.73
12878.91
15077.88
14392.32
18230.88
17911.04
17358.56
16069.32
14108.64
15425.63
16467.36
11229.03
13935.90
13966.70
11072.46
12488.18
12211.69
16201.94
15033.98
15015.50
14959.62
14659.61
10137.99
13746.00
10973.62
11267.24
12877.20
14264.83
11137.56
13727.61
13788.92
10127.43
12341.68
11968.28
11727.24
12593.28
16311.84
14872.56
19323.68
16813.27
11757.20
13104.96
13628.16
15803.82
13302.45
13585.79
11882.64
13390.94
14269.84
13764.48
12197.38
14888.25
13553.16
13181.33
10935.36
12798.00
12784.80
14451.46
12509.28
14526.57
12065.69
13610.28
13075.70
11377.73
13291.04
10537.29
12006.46
17840.48
15032.48
12793.60
13755.84
13986.26
15215.20
12695.43
14763.84
15942.45
14696.04
12189.12
15528.45
15647.84
13583.79
14194.62
16310.45
15142.75
14448.18
14413.23
9340.62
13390.50
11719.40
11634.65
10301.76
15573.53
13524.18
13375.62
13907.79
12753.06
11748.33
14830.26
12425.29
12893.12
14552.72
18230.88
13755.84
13242.31
16045.12
14060.53
16041.48
12892.59
15202.80
10792.45
13232.94
12939.56
12897.74
11900.54
14750.32
10561.75
12402.42
11579.86
9796.26
13153.50
10973.62
10532.42
14716.80
14526.57
11933.10
10207.71
12362.48
14378.45
10205.62
13399.27
14798.66
12443.36
18230.88
18710.64
15720.96
16962.06
11203.92
11739.86
13344.24
15942.45
12415.62
10538.51
11612.58
16400.14
14132.63
17205.60
16452.28
12343.25
13169.58
14166.85
12644.01
12679.50
12145.56
10165.01
12754.56
13217.87
14187.13
10090.38
10103.95
11752.82
10324.29
15350.62
13123.34
14092.48
16471.76
17431.28
18996.16
15771.74
12587.12
15016.10
12776.40
15665.19
12542.31
13966.70
10937.43
13240.48
14681.47
16345.32
13757.51
11198.00
13553.16
11579.86
13213.56
11613.00
12571.72
13226.76
12264.00
12563.52
11667.92
10794.36
12481.35
13878.33
12104.34
11187.74
14659.05
14692.16
19190.40
17431.28
14738.40
15771.74
14938.56
11603.35
15473.64
15110.67
12035.55
11554.27
10802.40
12638.64
11388.43
13477.72
14892.15
14252.00
12658.14
10840.72
10024.08
13035.00
11399.78
11879.59
13735.68
13610.48
15513.03
12084.99
14145.53
10877.61
11985.67
13009.00
12983.73
16041.44
14072.96
17431.28
16212.24
15771.74
12448.80
11330.33
15047.76
14556.15
12288.93
12062.15
11612.58
15196.46
12348.90
14194.62
15033.98
14888.25
10356.66
12934.95
12302.28
11613.00
11506.32
13226.76
10914.96
11516.56
15778.21
9503.73
13788.92
13503.24
9612.27
11578.01
15217.49
14692.16
18710.64
15832.08
18341.12
15027.79
15215.20
15289.12
15047.76
15665.19
14062.59
15236.40
12692.82
17001.98
11114.01
11613.78
14750.32
13106.75
10356.66
11949.43
10137.99
11020.50
12039.02
11022.30
10914.96
14395.70
15513.03
12436.98
10817.17
13753.30
10680.30
14439.99
16334.37
13192.96
16151.92
12953.52
19323.68
13242.31
13832.00
12149.39
14905.80
13447.11
11908.86
10284.57
12962.88
17001.98
11662.85
14768.14
13190.19
14633.75
11379.54
10594.34
13555.29
12205.50
10121.30
11144.77
12386.64
10993.08
11800.51
11263.68
12956.83
13628.27
11510.99
10407.20
12564.90
17390.72
18710.64
15672.16
16376.00
15325.37
12172.16
14333.55
12208.56
15249.30
14442.66
10792.45
11072.46
12939.56
