12226.955866
12482.150348
14992.518054
13282.787197
13259.887951
12176.135569
10051.491025
12164.123304
10572.574026
10431.308155
10727.594803
13008.499663
13884.886514
10554.302314
14016.071474
14430.742486
11115.595348
12621.715666
12209.653964
11525.745349
13765.494225
10295.308543
13423.714658
12840.850379
12187.511319
14355.538792
12861.532271
14469.661208
14503.858353
10209.053760
12982.500823
12814.495299
13356.561883
13188.434386
12120.522417
11478.403857
11741.161085
10804.695095
12226.577751
10977.894906
13821.721186
13611.266907
10247.954447
13380.189000
10871.283380
12999.029996
13810.232332
14160.291950
10770.914333
13792.705950
12576.630333
14337.488368
11437.425818
11428.961004
14493.424805
13240.220458
12351.174532
10431.746440
11425.358380
14650.490562
11576.956767
12343.035450
13085.210719
11583.693328
13220.673858
12295.767275
13226.216338
14529.148075
12035.521808
13340.009641
10086.104068
13624.103021
12950.082051
10454.568630
14088.798624
12899.248959
11871.099311
10854.057796
11335.969303
13047.539155
12191.550959
10532.375321
12052.368653
12124.979935
11941.088640
10754.970348
11498.006691
10095.623157
11894.288277
12225.300749
13912.313315
12035.754014
12868.889736
11603.320057
13167.071937
13216.977779
13186.658437
11101.157324
10677.986505
10561.390093
12001.636271
12627.866763
14307.540492
13869.205978
13930.475168
14366.573355
12152.092232
12984.605077
14948.625740
10083.490034
14545.441467
13312.220969
10343.201560
13393.788106
12904.376215
13470.282093
11994.795645
13081.697446
13576.939593
11461.455961
13421.235911
11373.632999
12934.797049
14654.565662
12518.212584
11492.307662
11082.265242
14401.776677
12581.751344
10369.540310
14155.573274
14894.212680
12057.431805
11441.869277
11548.705507
14932.377287
14240.567643
13278.164945
11333.502985
11076.935749
12628.294883
10204.473392
13934.443188
13886.544904
12509.825886
14656.451967
10182.216945
14402.861690
11230.081502
14329.260381
10008.838799
11568.342553
11843.432595
13765.270336
10115.446006
12249.878596
10717.327641
13273.859857
11150.923183
11243.146067
10525.751891
13416.728732
13755.664925
14041.855196
10776.173868
11879.861422
12496.949159
11270.347407
14383.468034
12883.441755
12368.054247
11542.002544
11241.897868
14723.907491
10534.986142
12120.227332
13376.643483
14602.336094
12579.116589
11165.980431
13962.386263
11226.731470
13906.386819
10233.390601
11443.073575
14654.675037
14856.591553
12001.988473
14219.871584
11379.252502
13786.698163
14595.932287
14188.151578
11571.113987
10084.360032
10193.574952
13417.014211
14818.575879
13633.276953
14645.366300
13460.012477
11373.529944
10539.140496
13094.572244
14512.114347
11746.200025
13037.442411
12002.066006
12379.554652
14761.346233
10931.992945
11850.928681
13516.367697
10311.752278
12606.762011
13904.205477
14205.951904
14638.369081
13497.694095
10228.190201
13932.650646
11112.962513
13852.510916
14575.475335
13096.109371
12596.461207
11668.208523
10930.564101
13072.582263
10844.963211
11887.719902
12025.602149
13606.022832
11661.572304
10056.191273
12602.796216
10083.307536
12138.173835
14166.197175
11242.586690
14702.880447
12160.502527
10419.374178
11057.905911
10958.482161
13421.297989
14069.162592
10939.055949
13463.258758
12371.908495
11652.793138
10932.061300
13563.604495
14947.815230
13163.890719
11475.250825
13021.729071
14828.932297
11934.045023
12844.200050
10416.245199
11479.120888
11891.409252
11194.922599
14695.596295
13625.445086
11136.350990
12545.563416
12999.150522
12399.596457
10533.362566
12012.863632
11825.180122
12010.990588
12657.469082
12927.285871
14937.450933
10198.477532
13553.789641
14509.651269
14576.995631
12327.212672
12507.524045
12467.630480
10667.449482
11513.577057
12281.625945
11117.015544
14056.587532
14563.338008
10333.981842
12865.911725
12221.013741
14306.671779
11756.509315
12040.501887
12905.749305
12111.040151
11811.387291
12013.008297
13152.445862
12933.203303
14982.979910
13385.220337
14350.604400
13164.834358
12115.385615
13007.192574
14266.348627
13347.170480
14156.281485
13199.979336
14306.824512
14147.514043
13505.697192
14113.738063
14204.155493
10342.817944
11297.364205
11948.029201
11532.292478
14954.912043
14205.397747
12157.934681
12863.051385
11739.234259
14737.367554
11717.750515
13655.933003
10933.821416
13941.678804
11459.045262
13244.108314
12157.135274
11831.447202
11219.233294
10310.129582
14426.361811
14015.611993
10250.609808
12877.950601
13408.737495
10202.817381
11354.218595
10995.576142
13141.702299
13835.417786
12950.691420
13307.311641
13622.134631
13022.135614
12536.821598
11238.516843
13143.080477
14288.167724
12973.307676
12599.765358
10756.381984
14013.435588
12344.498933
13139.138018
13637.113273
11355.971232
13201.957523
13168.575187
10561.479878
13056.910121
11479.790799
11893.202746
14012.671616
13158.206039
10295.803351
13973.283958
13976.898662
14472.373261
10159.543423
12451.551446
11050.426141
12375.453502
13534.707965
14935.553749
12157.352729
13765.142907
10473.946429
12377.233970
10657.480977
14077.822191
10131.301024
14866.863755
11257.464104
14487.854961
11553.861397
13384.201817
14813.396106
14002.949989
11906.166188
10827.157443
12183.251794
13078.709231
14335.443319
13056.100965
11050.151952
14215.326878
14061.076418
12440.901440
11716.293504
13291.615581
13693.737198
10442.011510
14633.973712
14609.553165
14002.776652
10667.046878
14829.070513
10072.277228
10102.516508
12849.056008
12573.422308
13813.352765
10867.222996
12191.464663
13581.440831
14720.531864
10644.472947
10314.313779
13646.122191
12917.088795
11424.511531
13275.419589
14133.280627
13489.861781
14269.071248
13330.871591
13573.299853
11739.597051
11125.703737
14659.316405
10540.770683
14556.490323
11013.631692
12228.148549
14812.135861
12387.986353
12648.154445
14820.908725
11409.955242
14231.733225
14570.805820
10197.943909
11492.017725
14128.493658
12730.319090
13687.700035
12260.562728
13262.363427
14459.957353
11637.768031
10082.640144
10368.740173
12523.841039
13461.010746
14790.460518
13236.574056
10635.197103
10237.501857
11191.359062
12282.456879
11475.444576
12126.193239
12160.505925
10365.431350
11642.073155
14646.913800
11288.060879
13674.383112
13685.787360
13990.862212
14205.326709
11928.869131
12200.226588
11266.896514
12246.435795
11281.480187
11054.277158
10323.378758
12801.280745
12564.271822
10762.717826
12954.484180
12556.483829
13456.864828
10759.137261
13145.113932
14648.143688
14752.749927
11404.635122
11444.513656
11056.578342
11562.298615
12220.407801
12767.675267
11361.082921
10326.943895
12343.661389
11555.412253
14142.350638
10534.783615
10773.685953
11283.812581
14557.064211
13331.164667
13583.229205
14429.830694
11480.961732
13271.761426
13942.140338
13368.605401
12036.337485
12899.224498
14541.591817
10439.245373
10210.447758
12577.959129
11955.895757
14582.404396
14970.395327
12303.471258
14672.880045
10132.301053
12305.423734
12227.470383
14901.246357
14912.626820
10543.622071
12663.023931
12315.207755
12784.558441
13007.187037
10537.217169
13063.021707
11008.952640
10807.490519
12405.734633
13141.675950
12772.303785
11166.117762
13605.880416
11097.917237
13776.109919
14753.417826
11442.004451
14916.016443
13316.249558
10403.091259
14716.591238
13917.364350
10247.918796
11914.606574
13501.293248
14950.177163
14827.374628
12356.246103
13813.210679
14332.520087
13325.839137
10233.965478
13943.554709
14518.364459
14835.986759
11077.911239
14064.212695
11532.197192
11992.151880
10882.342145
14967.539429
10354.169314
12811.442373
13683.151798
14570.501519
14762.310032
14956.558376
13859.444408
14638.430598
13358.501186
13220.405090
10532.399369
11051.170041
14770.101977
11394.735637
12779.432446
14204.510894
10327.759533
11134.855564
10752.325673
13686.029681
14605.891126
13024.727110
10004.876690
14216.813106
11394.345218
13561.027941
12305.078627
10545.069457
11635.411342
13203.585794
13451.950319
12417.156299
10314.519846
14245.189101
13314.507218
10848.623401
12912.768761
12155.536417
12518.945501
13189.075395
14230.073494
13105.338639
11190.955056
10544.227414
12940.905663
10239.050413
14068.617816
11703.916873
14156.092814
13088.016862
13918.234017
10354.441367
12474.462317
14681.111879
14857.526968
10237.892973
10476.355535
10007.417489
13450.258349
13545.043124
13190.260848
10823.241281
12461.997118
14695.075793
14696.600352
12168.652676
10716.812319
13886.197586
13575.537956
11930.957350
12268.879335
14767.690650
13525.473546
14365.817778
11864.441768
13067.361246
13865.182571
12383.901053
14828.070622
12533.251572
13612.449307
12223.086493
11862.308697
13374.981017
12213.930896
12374.639037
13086.578673
12973.468007
13000.083019
12500.211338
12042.448344
11919.647753
12049.358996
10642.768196
12105.521941
11130.675911
12543.586554
14196.114237
13357.474573
11097.401977
14567.720665
10828.940937
11050.483553
12379.142983
14859.546738
12159.547556
12154.486119
14625.684689
14386.492460
11248.937228
12995.150242
10585.429566
12322.570132
10213.364048
14835.231943
11212.059578
14925.212346
10945.402036
11621.519028
13679.805129
11574.658158
11556.573638
13651.601981
13870.106464
13796.952383
11357.397095
14847.444109
14054.819072
14162.063749
12276.924629
13623.757459
13908.589793
10648.885987
12485.404265
10352.950474
12049.381151
12901.208390
12220.175972
11082.329840
10475.169416
14851.286630
14614.393815
10572.629545
11125.649194
10680.244000
11567.707813
14286.929748
13116.283376
14847.953286
13135.566670
11088.797279
10747.904335
10560.905127
10573.331529
10648.155962
10787.344918
11602.376012
10447.989933
12125.016810
11464.642040
13786.883445
10460.457920
11250.856483
12925.455712
13793.503737
14045.653865
14739.690248
13147.565690
10262.067742
13249.380213
13786.700983
12423.392153
11071.620061
13617.174760
10717.912711
10487.393928
13653.556935
14605.401036
12795.946134
13313.357010
11858.703982
11162.316855
10358.380566
11406.140557
11381.109701
11224.535402
11102.524323
13099.514458
14905.913911
14547.736732
13519.166495
13773.946936
13477.705331
13374.599071
10520.374350
12925.910141
12825.831401
13603.855587
10354.397593
12138.203150
12868.202367
13194.337576
13283.542561
11141.548023
14512.479200
14389.974402
10139.397992
12494.560528
13299.262685
11463.431249
10487.247024
14865.841025
11922.911108
11873.574288
13064.687161
14020.750622
10733.678207
11201.654087
12728.468817
12355.707252
13045.103870
13975.320371
10919.559883
13284.456980
12535.493420
11730.475073
11141.359513
12820.029538
13835.490940
13037.767483
14961.515569
10104.637890
13258.229621
13020.000565
13096.475815
12218.933128
13490.417642
14747.055905
12714.640440
11306.652653
12441.627974
11684.469273
12839.328797
14828.486041
12738.600809
14528.348913
13028.861570
14604.279535
13198.729620
13688.940100
11912.079818
10996.716220
11205.021430
12611.456919
14356.105784
14665.436347
11388.455405
13567.752131
10615.776360
12067.708257
14722.051146
10383.997517
13554.681914
10784.724854
14923.246168
12076.865265
13900.216959
11044.834954
14105.572689
10659.032487
12272.480457
10522.706736
10759.241465
13038.740858
14942.780485
14283.561160
12593.778920
10371.605099
13217.592353
14872.639779
14192.810920
11623.775713
13371.073003
14762.827767
11669.371791
10899.433586
12915.972439
10535.961801
14509.082814
14892.286433
12440.780531
14438.710442
10855.470412
10528.802020
14904.504271
11240.269158
13243.732101
14686.552839
14877.926244
10714.556460
14101.474978
10528.548229
12346.617692
10464.651047
12815.777663
10268.981421
11267.378505
11085.807469
11456.162106
13744.189010
10350.714756
12531.040127
10591.085618
10563.446210
12191.655417
14032.942900
14898.408888
13333.579408
10086.358332
13615.213775
12371.519076
11006.967930
12619.808253
14882.629093
12890.673821
12253.994880
13642.228084
14002.926402
11047.220089
11086.002425
11814.192619
13096.103015
11384.890579
10476.808197
13796.329092
10729.813947
12413.839424
11457.056042
14463.879353
10666.139923
11354.072572
10211.144951
13037.381240
13770.743627
12427.612490
13092.628054
10960.997072
14687.290427
11180.943532
10087.556618
14389.649503
11864.500112
10104.014973
12266.566740
10323.092902
10476.002421
12655.858028
11233.320352
11512.065949
14509.797833
14725.126923
10636.678318
12939.370947
12928.484305
14846.237702
14771.500686
11290.738930
14938.706844
12159.780107
14915.849300
14897.514274
11752.565146
12823.774963
13925.431124
13640.500206
12117.724591
11373.620346
10651.228821
14674.398643
12314.097603
10544.023158
12742.120959
13957.568723
10880.938550
14652.865052
14759.443443
13476.164316
11919.806988
14038.665885
10391.062180
13305.554071
14877.054768
10320.212445
13147.895953
10672.016641
11153.797804
12114.807481
12288.551812
12787.041526
11611.999171
13928.923620
11795.506681
11147.327752
12812.114777
11245.901441
14263.060223
12177.443424
13164.814346
11775.164184
11354.261183
13862.142674
13279.664349
14533.261319
11054.551965
13001.877965
12872.187804
12875.373386
14362.694297
13597.076168
11816.881066
13732.178463
12663.821166
10772.010977
14168.217105
11322.263364
10177.626933
10406.004928
12706.634756
14328.484030
13067.329403
13244.526354
12657.322507
14734.485238
13599.198894
13768.740620
13804.547513
14137.539526
11700.096962
10987.525649
13780.299824
10234.632970
13630.397997
12142.428044
10794.142272
13752.104088
12707.672798
12965.137630
14518.490471
14040.663942
11071.498457
14495.993243
11353.056483
10022.529034
11410.231011
10811.696111
11664.447548
10598.621878
10656.515157
10436.534290
10674.525231
11444.108417
14458.565452
14599.619210
10823.144477
13343.859463
14064.187370
11451.150861
14232.275694
12859.942957
11248.304793
10390.787287
12030.270787
14576.097604
13111.059160
14073.700359
12460.092420
13486.668368
12818.811126
10592.794276
11427.033489
12295.671720
13496.005382
14249.401752
11539.051892
14416.883384
13852.284075
10000.374926
14765.519094
13417.001258
12771.615214
13669.908596
10169.157998
13723.898918
14411.787666
12289.816618
13932.433429
10395.173052
10513.763427
14684.867562
11066.651737
12614.426696
13613.253942
14642.797597
13259.187155
14574.877282
10362.796438
11590.273011
14624.445695
11694.273412
12583.896741
14440.165745
10587.071049
11522.042083
12068.001601
14673.401326
11167.777900
11827.101486
13240.928356
12059.043045
14847.437706
10520.072738
10329.894478
11058.820407
14521.235308
12239.085523
12647.895546
13899.430091
14097.624036
13009.467126
13422.490288
11274.575543
12519.408919
10728.270196
13235.366229
11842.349529
13163.472830
12055.498271
11123.062647
11855.030762
11752.104584
14650.169362
14344.112738
14258.423955
10076.944086
12866.510734
14403.743257
14583.009198
10366.664251
10996.655051
10807.151818
10281.007658
13968.256264
14524.775872
14738.637133
13921.213076
11623.039352
13618.407152
13276.516914
13791.058668
11128.992083
12040.491661
13530.206838
11490.064133
10918.353751
11549.038934
13196.328837
10460.506794
11967.622637
12106.190109
14158.310118
14909.443139
11054.615490
11074.606300
13375.080076
13400.006449
11789.724941
12550.117785
14362.988310
13339.928700
10903.628975
10907.820525
14628.474091
12685.309681
10485.830262
10230.062154
13515.218136
12235.020920
13568.966447
14896.167541
10123.660034
12460.207078
10070.462111
14094.617891
14387.592969
11376.590503
12995.433580
14449.178547
12724.712306
12898.649969
10484.928439
11102.084725
11313.494902
12554.826065
12900.689089
10095.515219
10505.067596
12339.376976
11100.718532
11999.222725
12154.079442
11917.996578
12876.948127
10138.502547
12090.701311
12478.371716
10124.272727
13355.263598
10972.937735
14485.923457
11479.852817
14224.755937
12094.217667
14569.468891
13951.005182
14812.631442
14993.139582
11144.432802
13604.310756
10102.338214
12387.394251
13912.124858
13750.727246
12687.730925
11412.001072
11146.418640
13258.259283
12426.965610
13182.623638
13215.428398
12911.653226
11448.264050
11638.336536
14780.401469
14070.826641
11221.219386
11133.147006
11244.048108
12136.376296
12503.999232
12101.646034
10605.635176
11394.089416
11780.191190
11501.080718
10648.365203
13961.898191
12463.015078
10655.736020
13985.242786
11307.895785
14186.999217
14114.210420
10513.810096
12687.431105
11715.791336
13703.996945
13052.146646
13773.359960
12941.915210
13985.001609
14525.353568
12716.941932
12366.576914
11665.813535
11934.771926
13100.449216
14575.818836
14208.371652
12087.606095
14531.729308
12167.554628
13054.238944
13656.729535
14408.778320
11080.616970
13514.286651
10521.059846
14125.327283
10227.336635
10953.968226
13582.349914
11266.367712
10277.335720
13514.407458
12659.535297
14802.921937
14446.672888
10980.780498
12853.586843
13285.742862
13602.343941
13296.738356
13263.127927
14462.742085
12504.847111
10581.800109
14136.689510
11086.056177
12113.907893
14145.357126
11659.052393
14607.091661
11472.348326
14525.874738
12284.254607
11647.587228
12546.041603
12156.390412
13815.401525
12789.506107
10957.851745
10223.761373
11486.637020
11237.456074
12697.340968
14869.351119
11201.014171
13750.001495
10171.489207
12109.701359
12760.017785
12546.351451
14815.742416
10801.460627
13180.724056
12505.768369
10582.849991
11190.987558
11568.082758
11605.148154
11466.326301
11294.202846
12445.502911
11469.425519
14130.769563
12173.830913
14775.930498
14447.087006
12656.187791
11488.144530
10967.708702
14092.415759
13810.384551
12665.431944
13844.424992
13811.170044
13242.410130
14575.028630
10460.526316
14890.200674
13635.824611
14737.400926
14346.265474
14492.837835
12571.585948
11113.211601
10619.583313
11950.664585
11030.487788
13707.319371
12139.126044
12092.200453
12949.542923
14954.833079
14851.426031
14015.482431
11838.651688
11038.653991
14111.914529
12691.828822
11673.472103
11069.862542
13499.956094
12358.588627
14415.651818
11496.860670
11482.660177
10172.050221
13498.515821
11569.404139
14511.811225
13046.254589
13925.671292
13392.031833
12482.674749
12051.979449
12704.513780
11613.066434
13921.836310
11793.323757
13688.453598
12037.671312
10022.372242
11508.416309
11132.811127
11466.664690
10022.264163
12548.858236
10481.101884
12248.940601
13913.704697
13226.624179
13352.412460
14436.265681
13274.392967
11280.330338
12273.604418
12167.546175
14488.029574
13874.318491
14312.659393
10519.917252
10241.126862
11608.723509
13598.032867
11650.032827
13764.060158
10010.132859
13816.382436
13488.264037
14766.646168
14207.649819
14537.317942
14411.561872
13694.628638
11970.657755
13593.807649
10084.187269
12235.696083
13978.865696
11829.824397
10570.223110
11704.518974
12187.949063
11483.536738
10666.228106
14272.933881
12047.233712
12524.331360
13110.874863
12239.868032
14875.375031
10685.296332
11223.539202
12819.152148
13678.442915
12714.013775
14405.458322
10102.362737
14461.757150
10802.372818
12556.538407
10102.020289
13458.837702
14940.957907
10373.359886
13780.853989
13169.248660
11828.507439
13457.853868
12991.609089
13732.805293
13181.510216
13564.418950
13897.608830
10685.687250
14091.073176
12012.256231
13091.914170
11183.326550
11466.969111
12732.377790
12982.727060
13645.521953
14110.508971
11528.846644
10922.802952
11969.196272
12054.897685
11771.832126
10501.344411
12066.308964
12098.373009
14656.748444
14786.129224
11667.831190
14591.078155
10119.793674
10969.692392
13325.703560
12811.821420
13617.849209
13251.656524
12974.277102
13517.535295
11486.903312
11201.251222
11544.862578
14423.596168
10306.074672
13941.879463
11398.901541
13446.336032
12818.204449
10619.900721
13274.259668
13707.684812
11339.809242
11200.977486
12228.305151
14715.033329
10011.884340
13140.489512
13126.683824
11113.390069
13431.641697
12681.006283
11531.679060
14588.290465
14452.718030
11524.009754
11846.784095
13415.738110
13356.341185
10560.533394
12562.859563
14671.370096
11046.070150
11891.304270
11489.458854
10648.825803
14336.676017
12246.912408
14647.219599
10542.887290
12788.886181
12252.210994
10935.155593
14947.073180
14079.299537
12511.086360
14036.783222
13199.090612
10090.892241
13675.734512
14269.863747
10380.446803
13249.110361
11200.437884
10784.002226
13599.090692
10927.957512
14627.610656
11784.277823
14131.749941
11272.246323
12241.605664
13019.336486
14004.148209
10236.941223
10196.933631
14140.717449
14301.172201
13602.751475
12212.751258
12037.302690
12293.116854
11412.586121
13780.332621
10091.925551
12721.758186
10147.379288
14029.839335
10344.183658
10251.437206
11583.904245
11028.473470
11075.398597
10998.291964
12404.662632
14936.872208
11604.713751
13942.128807
10137.104512
10847.359187
14311.501242
14197.565022
10185.937623
12222.387528
14754.697255
10919.525891
12774.152090
13559.599551
10501.742015
10607.378838
14936.025072
11190.690293
13708.120225
12064.869960
10700.253496
12587.631597
14241.595621
11516.628022
10951.776001
10918.529812
14693.445146
10259.183990
11123.458441
11826.796350
10198.052457
12849.794082
10528.057872
11036.355172
13007.634146
12586.524825
11417.937106
13436.650597
12856.004178
13224.160751
14034.366605
10354.081252
14426.310257
14086.518790
12886.621449
13772.196457
13381.995807
13324.780575
10626.535999
10737.200805
12398.378621
14206.934147
10609.844261
14952.938807
10550.985323
10205.854437
13740.832990
14440.778241
12558.072437
13148.092547
11586.330334
13353.806268
14888.923103
13114.326326
11620.843986
12737.125727
12601.691157
13326.659346
13556.453977
10264.580824
14252.867319
10269.803143
10772.703727
11983.152023
12446.843412
11267.601481
13046.199676
13091.600372
11957.792892
13827.410689
12215.562007
11635.225699
10889.478591
12851.947075
13888.940857
11962.936957
12456.351617
11653.617697
12784.907872
10373.982089
12496.114525
13647.478618
13702.077507
11850.437849
14590.908066
11558.985335
14756.022053
10739.939100
10516.755290
11640.921043
14627.499077
10848.915241
11942.091749
14727.267509
13913.427138
12947.152037
10971.357440
10665.463929
12235.093654
11829.108857
13237.388267
11852.658947
11004.496295
13173.593003
12146.639136
13260.058540
10427.092726
13004.447244
14315.259146
14885.206433
12638.121544
13501.265359
11429.645193
10881.267412
11809.633990
14820.471399
13434.756478
14073.855319
10314.204915
13641.287386
14833.055862
12807.999887
13390.415884
13080.326466
13569.903064
11044.184320
13870.299696
10213.884010
12835.403528
14253.551975
14299.947190
12383.434886
13749.337309
12089.115728
11992.257242
10658.887637
12140.911716
12091.385690
10552.096376
10532.338142
13571.428213
14043.973734
10381.740855
13140.969571
12217.517601
11633.166404
14816.527113
10378.694074
12769.615069
13805.269659
11620.625878
13968.742884
11150.908226
12474.942582
11621.881269
14903.263720
14703.403086
11097.839044
11404.934395
10040.351186
13561.260226
14888.169978
14047.875524
14180.577772
10963.049085
12291.371557
13824.526454
12167.309007
10978.218865
12001.408051
11138.408015
10743.732405
12622.044835
11562.801749
14198.895513
10563.120232
14381.140864
14620.904632
13403.687381
13353.573404
10336.065733
13341.246535
10545.712791
11714.399783
10263.056647
14791.555928
13006.847206
13576.931787
12541.913011
10694.817342
12128.229887
13933.060415
11468.069848
13614.894895
14521.003846
13183.840145
10796.759782
13079.963407
11106.430882
12093.228313
13577.902352
12904.317562
10802.945508
13766.290734
14470.856458
11486.166301
13357.217314
10854.117645
12870.800193
14536.526779
12444.220089
13518.629954
11321.430390
11427.796123
11720.142831
10442.890406
12284.964457
13653.280200
12974.473880
13423.316313
14221.782544
13320.006473
13360.490018
11941.064744
12632.899697
10581.984743
12038.009922
11750.128721
11568.223200
12393.882620
10615.596368
12914.174823
12240.948499
14924.988698
12473.816583
12744.997443
13511.659284
12622.660675
11166.269942
12606.724245
10117.656135
10842.274322
12120.043370
13227.463946
11360.423185
12527.572483
13820.994273
14774.150186
10500.394084
11648.998664
11002.628249
11683.116163
14227.203164
11704.514665
11944.382440
12968.766496
14703.903635
14118.777632
11532.709779
12643.709532
13275.251110
13516.075109
13217.830925
14612.240793
14233.314443
14369.592186
10053.871170
14866.908288
13130.767226
12200.442785
14154.803437
13187.300693
14279.688183
13142.002810
10303.371649
14016.001870
12401.716945
10768.703449
11479.750450
12826.846840
13175.719241
12497.775445
10802.858360
14520.287115
10079.530592
12720.035654
13746.330262
12738.975574
11151.632114
13739.837026
13070.069504
10549.434974
11916.303974
10628.994948
12691.805124
12344.526438
12323.608825
10285.666725
13992.447123
12989.863432
10507.855202
14578.588273
13381.768946
12397.321593
13880.258238
13970.636066
13336.121357
10331.230068
13535.869598
12587.074668
11130.826183
12833.320586
14310.081265
11306.760695
11204.635506
10168.824687
13490.696676
14574.119911
13985.318682
10760.065040
12066.500164
11625.397692
13755.602428
13921.504193
11984.173314
14858.243719
13983.593400
14518.066814
11858.414127
13380.124321
10444.809591
12455.970472
12233.490565
10524.278488
10252.920147
11557.055688
10438.440247
12763.133553
11411.604260
10993.280032
10940.884190
14951.485985
13084.719186
13817.281581
14210.632557
14834.819498
14452.565954
11116.787354
13022.979765
11727.231620
11688.560652
14682.815918
14174.360476
13167.624700
11887.495136
10248.171004
13697.912543
14323.011093
11131.521293
10287.382199
10940.879905
13764.587159
14481.151930
13015.361586
10801.035165
13912.020279
13493.787945
12968.939241
12373.116765
11540.414735
11859.209563
11594.205727
10280.752635
13842.332070
10156.079294
12752.660587
13952.459417
14483.530373
13346.481636
11368.239994
13707.220195
10918.187777
12604.067627
12482.342621
12610.385929
12622.152876
12437.814628
10588.832232
14212.341453
14851.527259
13704.544766
10851.513285
10468.703493
14464.447189
12167.476162
14389.609256
10435.723337
11994.610030
14597.882860
14209.963298
13075.067072
14737.977993
12245.226492
14766.899460
13088.999330
10634.996098
12579.623858
10002.824778
13237.752445
10095.394662
13557.094132
14517.850319
14934.450668
12186.878632
14596.852687
14529.653204
11641.965957
11893.196587
14636.643075
12340.079251
12139.063778
11153.688186
12818.007260
10844.980258
14763.723863
13371.537814
11324.975753
10839.537565
11670.954835
10598.921217
11792.459729
13117.745849
14631.341693
11052.673588
13735.745732
13291.164879
11807.643180
10925.956012
11894.623372
12388.348614
13898.006039
12114.543641
10347.853095
12056.997936
12155.491035
11636.321955
14536.110537
11315.290189
13458.101545
12091.800726
12701.964307
13586.958380
11343.228358
14440.546330
10518.958991
10218.191983
14338.854399
13961.438903
14168.904316
13027.394603
12007.958927
11480.191899
13547.201795
13721.974151
11633.946301
12981.276709
12675.648119
14512.826566
14039.879624
10403.814194
11732.838162
12469.298761
13423.377518
13949.918132
14800.142938
10073.416142
14397.210190
12450.705453
12482.167992
12859.192351
14913.270240
11974.950201
14202.670886
14190.138120
12570.703049
13596.199164
13870.760013
14126.265901
10067.024848
14555.364777
13511.764393
13532.122978
13932.843581
10933.700455
10299.060043
13049.409116
12133.277142
11219.093085
14044.275896
12626.762694
14414.049373
12985.362762
14325.740579
11527.634400
10926.020632
14800.626251
12783.159152
13478.710538
12083.983450
10984.074734
12369.685468
10415.950403
14746.704839
14764.736427
10450.892238
11387.147836
13477.089693
14684.053612
13430.619753
11473.071863
10274.775890
12234.102360
10100.868233
12352.893651
13747.632872
10003.486047
10484.879128
12911.759009
14762.243388
12583.907001
13288.325420
10437.587991
14455.494060
13434.705104
14094.695894
13968.686003
12674.607296
12007.137630
10540.310548
11244.615278
14732.850512
13308.401226
13396.434778
11085.992947
10776.255442
11005.207134
10735.894132
10698.813923
12738.992259
12843.940446
11833.989828
11673.486107
13538.579877
11356.156459
12709.975622
14769.080539
11710.571808
10050.194636
11291.862841
13787.430857
14030.115635
14046.600070
14309.692507
14487.883617
12889.429232
10304.836561
10131.924295
13594.596468
10491.031815
10385.545834
10969.075711
11009.796299
10415.711237
14903.496472
12665.354669
12182.860712
10931.886680
10315.060492
10659.810337
11555.170911
10651.211912
14124.829044
10960.563482
14487.045389
14584.659578
11565.163582
14990.382958
13104.966571
11347.421444
10078.867128
11402.238734
10288.323604
14824.896825
11087.025981
12384.945869
10915.378451
13545.740381
14325.021989
10196.134611
11859.602569
14434.615586
11758.852445
10629.866071
14923.142488
12935.314948
13058.466047
12306.122188
14373.624294
13567.680670
13887.994980
10892.755924
14365.432542
10371.098158
13731.331768
12522.253652
12463.872680
10477.510373
14627.189916
13841.999022
10555.820396
13497.631929
11809.574507
13754.973249
12506.262214
14600.609628
14818.857839
11299.811517
10213.119122
11139.181970
14037.989709
10929.569979
12854.954277
11712.133948
14800.278716
12481.211720
11382.903685
10177.160476
10143.148473
14684.971726
14080.527309
13867.457606
12058.388221
10822.639046
11307.271333
12036.102532
12357.434917
10687.665034
12553.487878
13833.173812
13038.712354
13557.062505
10590.727330
14677.724999
13735.273005
13139.254713
14708.494260
10958.852037
10839.821862
12748.324231
12552.894294
12362.013882
13682.553994
11418.551095
14505.446364
14062.588378
14317.888774
13128.035540
13448.176693
12112.469173
14378.368803
14706.239920
13672.574792
12360.644859
11682.190554
12820.983557
14181.649372
11032.936920
12799.529777
10682.511393
13850.935470
10779.370904
10365.216361
10066.006812
14456.115112
12155.015589
11394.237127
12635.869756
13580.720067
14558.646319
13890.221593
13165.466117
12329.040478
10454.070975
12140.466037
10194.415767
10420.354416
14628.005278
12426.978409
13378.614683
14106.959896
13675.100167
11288.915604
12956.236963
12769.589316
14165.303488
11458.419346
14194.655571
10550.560674
14017.082724
13189.075817
14378.854281
12707.167293
14444.875917
14033.923314
14465.588106
10837.160056
12136.845058
10694.590644
12892.751808
11896.942630
12833.844732
14374.149548
13087.831833
13385.497343
11083.790100
14910.385396
11889.421267
10257.406402
14887.460101
11698.521103
11520.606458
10258.027210
11059.116470
12362.473857
10321.357987
12762.370006
12943.289697
12058.081313
10941.366383
13589.736322
14502.043987
12792.961348
13820.806334
11969.429459
12483.422713
10502.788585
14420.609898
13975.305694
12750.986601
14797.402921
14021.862799
13181.815172
10277.191978
12384.758219
12494.985989
13699.806629
14635.230475
11699.898649
10405.629416
10175.000892
11769.170318
13200.250994
10353.184191
11118.924760
13798.718696
12410.436080
13003.031345
14982.811460
11359.489794
14504.649365
12765.505592
11220.404511
14334.935771
12337.930872
14229.088516
10529.900561
11077.081216
10217.560173
13084.372645
12587.757431
11606.562177
10206.675818
14190.227097
10899.092177
10172.002114
13540.567829
13047.625219
13607.397095
10843.596487
13386.392085
11535.315385
11681.693387
11918.128723
13457.785085
11083.228823
13071.526222
11931.673736
11644.387144
13498.089682
11543.062890
10923.550693
13683.663500
12452.975004
12628.587940
13255.812247
14785.638757
12060.276497
11975.038306
10101.187160
12580.502887
11948.737088
12380.306394
11077.721378
10031.266112
13438.299427
11513.165523
13857.262715
13604.380425
10833.155668
14739.231079
13294.901244
12334.654801
11821.378157
11785.855513
13995.300002
11710.296622
11381.457510
11281.196094
13382.651105
11068.411121
13702.443416
11978.439654
14386.346832
12032.624717
14861.284009
14765.731351
14849.115277
12722.264427
10648.179103
11534.577209
10453.131952
11728.472838
12506.519319
10667.658881
12169.762273
10705.847052
11981.826028
13612.626125
10973.638894
11572.790382
14373.210112
14133.230740
11955.674920
11040.582010
12079.455527
11859.692481
11084.834777
14434.922637
10682.959831
10134.360196
14314.888135
12201.458285
10817.982415
13719.364087
10959.523574
13308.947604
14834.455770
10984.504481
12272.898627
10071.418518
12408.648748
13775.932418
13027.513374
11750.497489
11880.156317
10356.608151
13720.086255
12497.163525
10066.987128
12875.647547
13411.121025
13693.752572
12831.151844
11947.987362
14670.450996
13943.603487
11163.362499
13170.676045
11088.654550
11577.981951
13544.515023
10223.007565
13383.268645
10341.804352
14161.255524
11083.913740
14621.597968
12456.567923
12930.322328
10245.836715
11228.123160
13961.246059
10970.016613
10320.732306
10532.579719
11013.019308
12850.321247
12248.722429
11790.092865
10072.702512
11320.070246
13007.553604
11717.733459
10612.554988
14640.724289
11553.895183
13574.927914
13668.957933
12974.734104
11715.560554
10280.199782
12297.399041
10880.517238
14585.407530
14933.166047
11224.584998
12957.312967
13270.582827
12586.484586
11502.111340
12267.698659
10248.455501
14260.378862
14762.756493
13795.287384
11302.381945
13408.037312
11665.987780
10877.846999
11947.222431
11109.324473
12541.932126
10571.806057
12468.704434
11796.931949
10552.251387
13402.099534
14934.721807
12746.156890
11180.179382
14778.486493
11186.221492
12498.634499
10527.817077
12248.398731
10452.893783
14415.992188
12101.694913
11585.444237
13569.095558
11460.136768
11434.439824
11397.058678
14509.972818
11413.135303
13571.723038
11608.403236
12458.802889
14932.607953
10081.007160
14551.880630
14411.225492
11833.020260
13833.713939
11168.620511
10982.198925
13986.912895
13982.450671
12184.686345
14685.403989
14849.708745
11518.471723
14344.808650
14220.180043
14033.650627
12103.735372
13727.741645
12036.628537
10362.468321
10634.345331
11141.890374
12100.584502
11978.866278
12212.463516
14755.335735
10639.097377
11347.978994
11221.714764
10486.312019
10642.592003
11467.107467
13572.026983
12164.698880
11221.658431
13903.220847
10694.007162
14967.622684
13898.969140
14436.157240
10626.397249
11685.951119
13882.795810
11779.098650
13432.269588
13120.399833
13895.436898
11582.230131
14404.582210
10365.867360
13927.115105
14519.063673
11057.084167
13353.662123
10984.896494
13593.216998
13661.975318
12936.989194
10850.244809
12628.907829
14990.819893
11144.691066
12398.365131
14431.516515
11365.141837
11423.135198
10440.559245
11826.488038
14767.647599
12566.893651
14742.935947
10083.785062
11108.125594
14972.419527
13871.307524
14508.807718
12272.442912
14566.875006
10024.039487
11389.491335
11538.841529
12932.146819
12036.798115
13372.517231
14421.075234
10136.108038
12876.636513
10419.711280
14336.972243
12120.224631
11706.271106
12907.261250
13671.827134
13950.132148
12932.314546
11293.741462
10157.131859
12787.669777
13530.552129
13400.136417
13790.364415
13742.988611
11914.687302
14505.593335
13636.534781
10572.476602
14086.192392
10337.368172
12626.597853
10975.744861
11640.754929
10492.661629
10920.235935
13886.737864
12224.827829
13155.430129
13518.781312
12075.683344
13580.229856
11841.678786
11234.672009
11274.580073
11444.052765
13649.589874
12206.579439
14350.625984
14860.690956
11255.204369
12343.114527
12450.759829
11931.622138
10925.780157
10542.593185
12268.537874
11469.535546
13779.022594
11838.104743
13598.960659
11021.330561
10493.586050
10133.107519
11308.738510
10361.051777
14552.712718
10989.484300
13670.568554
14810.343739
10219.919860
10960.426088
12867.098813
11041.779940
12628.448598
14473.251350
14197.883225
11395.046059
12676.426313
13744.202778
14807.086055
14114.835076
13853.724654
14749.089641
10392.665653
13923.343349
14346.311361
13117.310278
10219.891022
12077.387217
12412.785692
12133.197904
13637.512724
11655.205959
12717.771813
14205.259581
12255.792400
13238.568772
12132.673705
11142.447974
13122.631556
13937.486224
12620.399532
11568.545034
12274.232467
11810.128508
10341.522982
11452.785450
14445.314703
14952.027646
14100.763120
12600.826689
12268.736596
13244.043367
10109.238907
12515.129818
14457.426414
10455.319250
10341.963433
13068.545419
11055.683755
14490.614637
10785.245375
13960.188136
13914.911985
13400.688751
11440.609457
10895.912014
14506.381213
13929.973245
12969.543634
14682.517869
14693.833658
14227.432673
12949.728595
14454.163051
14309.235219
11030.716863
14098.260579
13471.624395
10226.532248
14659.774008
10203.584743
10986.612313
13592.540524
11229.074845
12456.651036
12800.012468
13845.046868
10571.358442
14894.653455
13401.842657
10260.130621
14994.277427
13300.992236
14228.939461
14395.402499
14306.805510
13259.484275
13535.626832
11741.268511
10509.407750
12146.660726
11139.480567
12542.540047
14747.855605
11545.823840
12885.105737
10142.629570
11185.057492
11163.854206
14686.473504
10701.056331
12714.897007
14712.213563
12194.185210
14364.098000
12919.068796
10489.591027
12468.290803
14694.867647
11345.677664
12855.641871
13304.888819
10892.792070
14300.932507
13962.089409
11384.298332
13773.479573
11339.302520
10903.540276
12487.043402
11400.487462
11426.056897
14700.106675
13395.158707
13276.836386
10455.834863
12020.153100
14834.815936
14694.147416
12803.084788
11308.524498
14201.648966
14633.558104
11395.438779
14483.668143
10033.355234
11602.877041
13251.200711
14427.261235
13741.755878
13006.645428
13721.815562
11008.522474
13151.371717
12175.256717
10225.645536
13445.556774
11743.698031
10024.719043
14303.064185
11434.609909
13106.381987
12990.961203
10099.898432
14769.102399
10879.506184
14441.540488
14536.419614
12999.131959
13104.407257
12299.012699
13083.713161
11080.341565
12101.979971
10958.818597
10836.799588
13848.094509
12651.178311
12458.098301
11513.407538
12631.158362
11083.625297
13980.075965
11718.671729
12065.393017
13245.988185
10504.607905
13743.135662
14200.659237
11539.371682
12214.364471
13907.371710
12577.257724
14836.316170
12148.128428
14376.118403
12750.670686
14671.126374
12341.207681
14603.343617
10353.862673
14163.505344
10288.694814
12971.063692
10682.918876
11556.705014
14845.950598
12774.783414
13104.356076
12236.897168
12810.711794
10187.918038
14936.970381
10160.725532
13628.920284
14232.169396
11610.893848
13079.191203
13411.538334
11914.280527
11931.078946
10222.374704
10432.594966
14620.695888
13959.378413
12853.941223
11802.576316
12931.782407
11092.827186
13588.674260
12599.935555
12004.128003
10110.383670
11579.092656
10282.783633
11407.426671
13237.431707
10937.507015
13475.383485
13976.275855
11744.336827
14215.512635
11517.616529
13325.564948
10931.420377
11688.355515
13806.263795
13300.253381
13523.383346
10705.875170
14183.805247
10381.493033
10046.478245
13778.538784
11266.874230
13162.421638
13962.877095
11193.972181
10138.426406
10656.259529
11195.215674
10399.757813
14004.725754
12773.511616
13855.601873
14677.308733
11569.152734
12881.452405
12203.366531
11211.672413
12007.610562
12642.665281
12156.624624
11889.404120
12896.288424
12224.228938
10623.083520
10974.186174
12741.958414
10957.131801
13573.655087
12079.282235
12414.541360
12818.569618
14493.316901
13072.981968
14873.523907
13071.330202
10756.471242
12252.840457
12038.754673
12549.855485
14871.457767
10594.301271
12082.105640
11624.552249
11987.405622
10562.587772
14001.988460
13952.087785
14433.628129
10824.716425
11485.950306
10103.515582
14321.573881
11118.415904
10285.470783
11668.869944
14687.110397
13272.563774
12611.161045
14547.511028
10455.346429
14593.914020
13712.982028
11222.969013
10670.581774
10332.912454
13625.766609
13862.881770
11984.728648
14957.985485
11037.570188
10363.425556
12095.396901
12319.751878
10594.326860
14819.933033
14576.146619
12908.402110
12930.937488
12518.799329
14552.356061
12280.533913
10421.719162
10898.253613
11919.693476
10319.615324
10247.772132
11949.316779
11602.569162
10028.178943
11178.300426
12190.100405
10348.550244
10244.990693
10001.926691
14040.842712
10362.408258
11349.834410
13345.426201
10193.410000
12688.364337
13599.834565
13939.098319
14676.560016
13027.052449
11118.430954
11921.532149
12736.173799
12121.034181
14867.100088
13977.972641
13115.077266
12304.687861
13854.222188
14315.991612
13002.622753
10279.696667
11679.219811
11599.037379
12702.988984
13017.634515
12271.727445
14209.250291
12886.520476
12158.937373
11150.375748
14850.550945
14615.935845
14974.039067
11951.412087
11064.323322
11897.205320
11093.648143
12311.507822
11871.987981
11608.676584
13650.310006
11452.207191
11161.183346
11544.385322
12968.288677
14316.510390
10814.616441
12623.859222
13912.340929
12717.862029
11064.609412
11876.726998
11126.673610
10788.738572
12017.912107
10318.345151
11003.709603
12765.739867
13740.128030
11904.379776
10483.270508
12665.076416
10700.535653
13867.602260
14880.817123
14871.645526
10310.799456
10814.537944
12382.738459
11172.672766
11337.249678
10469.507928
14608.412679
10386.435433
10585.346450
14419.409515
10644.912282
14292.067795
13073.132067
13878.936756
11851.195552
10636.944456
13535.846363
14486.802962
10709.974063
11226.168239
10325.287806
14232.565722
11317.209493
12988.456015
11364.810888
10791.255126
10625.617996
13116.469593
10644.857952
14553.704014
11959.701501
14351.013099
12818.478258
14886.100515
13695.637168
12268.726673
10602.949444
12033.210363
12868.040103
14595.333112
12098.349371
14329.468164
12714.201130
12571.878671
11007.587323
14289.411942
11770.503328
14926.241108
14669.262941
10380.395217
14517.996825
13604.656194
12324.186319
13225.419217
10353.561589
11229.083255
14634.404246
11595.588768
14341.599655
13883.999600
10376.077771
14540.092326
14412.311406
10635.751910
10844.298477
14937.394839
12982.304609
10440.558092
12983.253473
10350.095071
11657.205678
10278.964317
11883.638902
13678.234858
11890.937605
12350.167958
14314.640904
11167.792392
10424.845865
13600.552643
14747.573802
10337.168419
13790.442769
12794.178040
13327.767243
11126.188002
12246.148484
12099.848733
13559.433673
14741.599509
10476.610378
10737.924337
10004.288344
10900.281117
13814.292214
14205.963666
10955.249499
12302.713186
10963.345495
12554.574686
11656.254908
13442.475327
12680.240256
12600.669593
11405.193409
14948.287554
14761.293397
14272.289381
11357.419663
10021.817261
13594.762699
13017.900248
12756.311773
10607.282823
13907.700423
13204.764379
12091.344984
14878.544961
14235.272255
12304.392955
12056.583459
10362.142806
13854.943383
13424.309100
12155.535443
12164.753402
11489.378021
13555.919646
11055.648473
14168.384234
13789.083745
10529.773629
13651.510593
14229.654595
13333.184845
12636.434743
11009.580472
12235.110313
10643.127178
13770.260425
14462.351005
13711.430815
13695.773902
12051.250147
13392.452830
11525.098222
11235.112758
10426.713285
13220.660127
12189.071161
13831.906387
14324.209574
14892.011597
11955.356627
13262.691383
14705.482618
14307.687111
11884.604965
10681.396907
10777.803657
13168.354723
13569.885923
12526.593058
14518.155171
14404.754202
13970.178626
13744.411574
12566.454562
10967.250321
13934.159445
10933.920483
14953.987348
10791.768045
12157.083842
10956.905970
12848.896165
12288.355327
10027.897749
10783.699492
14217.803387
14563.766568
10180.928237
14921.088804
10175.864835
10725.381514
11528.994392
10291.305367
14768.737125
11900.587464
14977.683807
11174.596469
11338.683331
13821.680275
10988.718365
10519.370646
12926.101658
12238.100214
10243.727283
10040.691346
11385.931700
10181.743674
14227.684228
10494.028815
13434.982447
14194.183775
14071.097376
10186.902056
11974.776246
11704.964659
11746.442857
11027.055988
13068.017056
10060.065703
12380.696568
14259.479131
10263.890853
13972.047181
14892.791795
11665.486025
11513.411263
14813.920856
10677.903227
11386.438456
13436.992864
11309.859041
11805.153021
12134.839076
12108.316095
10687.476582
11623.095268
10517.762969
11747.063252
13192.646246
11993.334687
13556.371942
14380.567913
14503.633910
10064.307649
11769.027630
14260.744455
12601.605124
10745.180145
14012.513117
14105.791969
10705.651135
14406.212069
14742.710975
11043.646290
13426.541062
10172.034519
10246.123542
11919.415117
10372.177207
11643.389927
11220.221335
14240.434732
13103.348942
11513.573683
10052.739893
11934.705078
11755.395381
10468.526230
11334.447592
10149.422134
13866.483599
13672.007717
13776.799320
10542.450547
10006.805869
10820.860679
13849.255248
13145.469163
12790.359008
10246.043338
12450.129858
14015.943330
14199.094442
10789.131328
14847.574376
13454.368270
14854.749052
10575.950923
14028.304337
12887.887231
10687.898547
13385.663625
12921.451511
11640.264975
11642.962845
10287.882882
12713.814110
11295.493319
11845.823610
12496.989315
13834.014676
10416.951994
13649.482315
10154.284162
12298.222149
14425.160315
13202.138444
12285.700157
11411.208168
14106.147326
10674.987588
12846.214024
11027.877637
10468.544483
12375.386191
12746.395776
11727.036470
12514.455284
13702.509315
12136.301660
14140.565815
13450.924938
13849.688870
14047.414967
11233.917562
11854.624546
12080.427618
11744.974855
10913.323762
12230.550818
13627.474162
14547.285674
10219.883774
13844.868193
10992.547784
11440.426443
14033.024816
11674.499103
10678.257620
13112.429380
13180.660492
13304.019369
10914.838744
11211.830635
11392.001113
11971.001394
11537.076099
12196.577843
11629.249724
11436.942770
13670.362863
11328.039350
13318.255609
10309.903746
10220.713530
11610.516180
11567.793433
10207.515277
10633.777625
10619.497709
11345.498658
11819.876261
10799.007685
11924.896279
10308.277109
10505.294635
13748.072070
11552.810941
10514.171854
12945.846719
12520.962606
12792.040502
10692.974608
11607.283568
14717.081666
13071.704762
11348.460996
14945.874154
11902.895108
12842.343771
10867.375842
12352.733894
13858.330443
14688.483836
12620.608500
10931.073610
12910.267427
12898.866792
11130.420372
11712.182298
13289.165585
13262.924990
10660.775898
10181.365997
12509.818398
13298.048512
12797.294463
14804.253161
11988.559343
10763.697386
13537.217914
12166.415107
10844.790571
14633.584854
14343.632626
13269.371288
14324.190266
10314.536688
12174.628830
10469.079338
13661.791705
11013.737503
11531.410752
14733.003549
14082.028128
10524.620726
14407.270335
13640.569523
14272.628893
12583.564827
13468.436338
14704.695867
10103.184069
13796.989061
12852.117814
14495.389285
12054.202171
11153.369352
11345.674985
14271.006453
10917.514237
10228.739689
12241.722304
11859.819110
14284.305515
14329.838045
11510.684970
14227.178301
13207.887837
10737.920503
11910.734144
11875.528404
12666.605708
13568.863044
13810.195160
12415.048415
10268.756257
12842.838920
10244.470812
13215.046763
12708.962770
10133.695490
10440.710096
11699.097538
11286.331881
10686.530510
13428.228165
13409.114797
12412.719535
13666.044563
11940.437002
14711.260758
13198.276110
10035.778044
10043.966157
10160.269601
13160.346727
10091.084596
12015.425073
11551.935555
12761.610907
14922.341312
11781.845219
12666.563128
12699.832308
13438.924956
12289.740669
12828.875564
11804.473659
12108.121124
11967.146282
14272.156298
10621.487002
11664.443345
11606.267249
10369.494109
13033.064529
14583.153774
13446.122546
11206.372297
13530.048028
10900.940280
12369.406604
10623.681451
12295.141038
11493.019327
10434.114646
11442.688187
13315.420730
14324.940583
11907.330622
10388.023725
13853.443294
13432.861138
14031.211568
14816.382143
11927.752195
10095.395931
12323.150172
10276.427551
13419.643424
10082.042424
11945.786653
12716.500766
12492.988062
13470.287026
11028.948360
11591.854798
13832.697788
14648.897707
11975.266920
10188.644592
13694.723096
12284.610574
11508.891773
11723.241488
14679.978344
13521.534234
13127.081125
11082.037694
11557.884199
14484.525210
11357.136758
14119.965622
12743.671359
10138.641959
14628.397162
13512.086653
12884.851787
14784.060997
14816.661201
13588.847640
11339.724321
11620.982021
12063.062494
11038.051871
12354.800737
11828.514157
10220.729841
14900.371175
11798.179585
14034.670552
10798.531075
11748.005837
14849.686776
11751.000192
12467.389075
14931.331800
10894.148234
10112.598010
10352.373019
14568.866289
12679.667606
12972.670112
11721.726919
13817.608478
11525.083364
14981.337614
14931.823324
10809.658011
12332.022236
14064.169055
11524.809549
13479.296565
11947.175876
12763.010862
11691.070920
13640.627924
10421.380697
11628.554020
13355.881438
10550.254807
13155.686002
10064.737154
10971.682390
13651.397685
14343.114342
11796.709156
14971.745104
13040.459369
11005.281110
11423.557881
10127.272919
10069.589560
10120.194630
12816.804625
13915.995466
11626.296926
11626.229447
11640.583642
10410.106640
11582.250789
10213.354061
11063.118550
10109.858594
11073.882657
13931.343996
14146.706976
12231.024790
14270.889753
11430.469314
13174.314752
10658.261964
11692.949007
12105.791726
13324.379562
13828.059883
12353.357494
14102.404408
11828.098896
14698.971473
12700.313743
11063.031371
14910.365460
14281.898205
13407.628122
11476.973277
10713.927428
11416.191847
10256.470712
14520.986571
11435.898170
11503.899998
12321.227634
12741.656191
11461.181291
14124.822669
11007.368739
13760.867881
10086.763917
14353.745038
12862.638177
10103.872409
14366.507356
11435.264756
12365.745895
13676.121142
13559.717487
10109.360090
14161.024441
12841.479639
10619.806994
12608.952150
13059.344679
13681.487213
10544.964754
10449.379581
14361.607465
11127.830367
10897.833577
12315.896074
13737.746360
13479.771414
14961.122861
11171.636874
13663.222476
14739.251036
13793.620672
13433.850376
12663.420085
14412.784459
10618.758694
13933.485703
10124.284417
14025.112825
10619.126863
12626.475154
13918.013652
13808.385178
13887.772022
11741.393566
13830.154472
12907.691422
13133.517169
10647.961773
13563.574408
14135.147059
10246.661893
14105.695333
12985.095094
11680.018186
12565.717548
14861.557473
13763.717045
10842.131203
11629.483793
14408.170465
12966.648384
13230.481365
10564.340970
10722.571720
12563.888470
10347.380690
11815.138918
10257.355053
10717.839045
11681.500120
13084.117662
13734.221726
14966.070732
12857.269218
12046.814855
14038.317875
13623.188731
10985.670957
12222.928510
11805.052813
12151.663064
11990.531351
10858.498573
12562.244391
13570.654235
14317.672279
13447.618424
12175.082431
11491.833566
11825.476436
11643.403464
10819.447138
11695.666414
12992.457670
11069.539592
10152.023884
14920.084363
13045.569457
10982.163626
10793.113448
11442.228857
14553.372637
14936.866487
10788.422257
10986.623851
10715.795614
11466.950764
13288.737900
13835.062645
10531.607363
11664.222430
12103.419965
13076.669891
11022.637979
14316.073031
10252.149779
12320.447302
11549.759395
11995.848087
14053.273501
13846.433796
14561.790239
13309.056972
11207.345540
14610.324415
11075.055348
12854.847750
12881.707516
12436.145301
11229.322125
14897.183410
12887.931725
11918.958619
12900.358341
13541.366837
14123.717880
14491.504786
14461.553315
13469.612073
12210.087770
13731.799168
13064.161146
11084.351257
11758.805773
10499.919788
12632.771303
14552.203586
10106.434897
11997.493993
11553.123985
12834.383722
11879.094721
14257.394463
13711.956032
14090.140350
14516.288105
13075.293142
12990.588111
14334.292603
13841.039788
11763.942260
14617.598700
14482.650167
10919.277316
12086.504046
10585.997319
11457.205854
14938.207307
13679.692489
13025.525994
14416.198599
13990.540487
12028.071673
11350.512273
11200.777950
14955.533719
10372.980933
11436.016069
13780.191915
10267.180605
10171.762606
12889.314700
10385.953407
11335.977428
14553.491421
10047.948817
10451.320236
13596.657593
14283.244798
10142.201020
13445.734279
13765.038320
14065.130918
12772.759685
11090.859229
14599.456194
13039.745052
14930.760644
13822.134684
14042.373248
11931.072196
13701.652773
10728.351919
13706.386950
13729.161371
10232.630004
14950.751692
10882.446113
12701.180624
12166.667527
11060.978547
12068.740222
14668.117489
11486.086884
13033.070834
13040.293645
14835.276481
11055.805560
10923.560712
14450.189152
11406.484590
10751.280089
13630.876707
12130.863813
11621.358006
10734.879567
14634.228684
13448.696907
13553.360583
10712.074149
12572.505423
14615.226974
11770.103986
13217.991439
11747.233269
12180.879003
13589.377619
10893.322237
10261.241211
12696.876403
11328.301888
14863.475197
13248.408271
12573.609341
12396.681095
11020.678869
13084.987853
10084.270539
11889.844113
11831.517041
13373.947897
12325.599688
14277.964464
11131.084785
11889.746123
13159.558192
12382.190918
10468.346165
14744.561213
11510.195316
13743.636238
14256.018409
10231.186139
14109.159485
14743.606932
11950.282403
14838.573508
14870.510373
11397.723839
13624.055182
11236.901155
11375.909016
11623.482536
11340.131931
12538.752113
14919.123141
11121.754141
12296.810088
14668.555939
10986.923417
13584.754199
10531.325270
13323.407313
10181.642964
10557.064389
13118.748184
14486.656074
12064.296000
14001.821138
13802.043976
11919.474185
12128.215082
14890.315911
12120.593343
13463.360377
14816.250667
13346.517681
12085.301119
13247.556306
14694.132469
11704.643649
11178.721580
13007.928567
10588.704428
11190.445109
11448.626872
14263.995286
14724.388891
13066.886736
14478.477252
12504.676248
11871.564229
13185.948496
11966.372390
10081.720216
13547.151431
12315.527226
12497.000584
11541.955482
11296.109002
14340.928793
14500.856388
14670.028043
13067.812318
11377.026480
14875.525858
14472.214409
11263.339584
13589.334392
14818.551307
12991.148065
11748.343925
11446.028382
12902.229916
13141.208259
11552.534573
11681.810916
13207.155158
10361.802461
11531.923122
12213.970154
13843.904028
14028.881202
11613.056344
14202.134995
12351.579106
11993.191532
13193.704541
10276.185833
13369.635315
12117.762615
13203.898138
14951.125023
10243.191360
10816.734682
10833.831181
14503.685514
14661.903949
13103.038569
10363.338389
10991.758899
14532.664913
12190.708592
12841.978877
11469.462835
12491.034228
12439.409409
13327.889156
13595.701338
14386.309783
10052.465124
14178.003567
12782.940027
14905.876222
10460.611281
13319.042005
14157.271261
14497.413169
13855.595974
11927.069468
14860.691031
14971.581001
13424.949738
11015.211789
11882.359220
13387.546690
12125.971225
12781.767006
14337.057365
11223.841045
14359.737437
14009.038177
11548.552464
13387.684603
14208.089750
11609.407685
13333.887863
13831.903277
12701.201470
14921.299966
13877.953918
13613.242281
11305.820427
13336.712990
10509.352086
12508.095253
14041.284855
10828.247705
11959.439165
10978.641040
14856.413291
13823.224989
10051.077052
13533.381252
12570.550726
13332.106256
11196.153043
13995.877821
14207.024460
10610.325382
14374.098389
11536.775554
14830.755215
14476.733844
10741.149265
13524.051257
14380.662027
10726.484839
11629.377565
11821.110351
10490.277313
14850.854626
13430.429111
11957.279793
10937.077310
10444.597638
12331.245821
13541.382468
13367.029814
14844.691779
12314.687434
11421.765703
13013.296506
13198.151240
10247.003263
13931.391104
11666.693935
14233.907403
14210.733358
13999.973679
10727.004864
11944.055376
11767.816090
12612.892167
10731.721771
12585.263895
12962.870937
14994.052825
12492.088860
13072.383699
12229.408571
12603.726000
13998.902690
12453.271533
12941.610401
13179.527301
10258.032942
13168.424555
14320.175400
14327.659358
13947.542791
13899.432244
12587.213801
13556.243713
12604.435835
13208.894293
10334.607679
13400.094443
14370.038919
12950.372352
10083.236239
10676.846820
12073.343777
11597.323136
10095.072502
13841.023699
12585.324410
13381.632869
15000.454056
13365.082274
12703.919527
10520.099099
13481.439683
11270.943407
13460.627940
10991.329569
11565.838752
12802.402387
10448.559861
14324.971784
10367.868880
12980.943130
10251.136367
14984.936282
13817.245471
12508.388742
10871.827652
13115.928131
10528.113377
13976.483615
13129.031311
13708.421155
12019.079197
12795.960533
11902.730509
10847.330869
14815.835344
13070.472457
10161.784021
13191.830823
13704.299460
13631.657827
10182.225629
12141.308535
14903.346359
11597.053106
14273.956418
10357.211953
13127.395978
14066.988031
11720.537634
13493.685395
14321.143932
13504.465505
10850.147593
13620.091637
11195.235648
11619.653291
10460.322735
11748.469322
12707.089863
12732.946783
11370.856298
12639.436855
11709.870912
10025.084020
10487.535154
11345.675054
12622.157067
13912.749594
13540.391609
10992.600194
11288.423945
12830.351030
11859.716264
13288.353323
13243.399725
14047.655219
12912.097018
11730.354998
14616.606920
13401.084764
12825.381593
14169.849242
13716.653959
14563.310624
11483.416175
14179.308879
10074.868266
13789.548401
13472.161231
13798.964753
11826.919938
11051.656111
12209.215057
12195.392819
10342.423131
12331.214415
12470.510156
14960.865857
14066.810436
10556.532209
10520.886470
11357.301736
13800.531098
11964.976647
12595.952879
10037.231811
14321.622975
13121.516837
14011.804592
14144.550893
13751.514444
10699.851888
11505.225229
12366.267673
13127.588576
14969.989478
12194.378965
11612.428569
13810.977905
13848.309763
10682.160900
14154.903599
10877.916137
12850.524767
11228.518453
11224.784424
13092.349956
14203.789310
10914.947914
14299.783755
14661.223447
12979.607487
13186.087045
11159.899986
12333.997629
14850.656284
12242.610051
14297.293713
14811.657842
11934.246854
14288.976252
10743.978258
13178.138497
13726.388080
11780.817017
12197.529041
13329.548920
10947.603159
12050.269718
10107.384637
13370.412702
11851.412862
11548.162763
13031.132319
14191.513846
13759.447728
13503.065738
14353.540294
11630.334826
12949.713747
13738.064309
12725.224970
10012.685541
14889.606237
14517.603226
10388.661319
12128.913208
14023.338019
11873.487086
11275.203734
10194.970982
12734.040251
11814.274895
11640.960032
13225.699895
11139.082614
12797.065352
11211.356479
12602.643980
14253.286677
13552.632291
10904.140442
12941.907653
11355.133993
10595.296208
10496.575430
13606.910734
11429.249491
10651.168969
10406.174733
13809.323919
14907.028318
14135.203811
11835.715555
10330.528373
14531.395935
13152.534017
13544.689930
14466.150630
12146.169438
12001.395481
10296.381284
12719.835561
12729.984108
13370.064352
12475.487577
13988.229334
13373.518276
13056.862422
12944.199591
11520.391699
12429.792485
14525.052621
10119.754845
11397.781678
11588.057218
12813.618696
13192.270783
12013.441165
12225.659406
12500.857110
14825.999157
13195.274202
13616.616533
14941.766900
11648.771853
14025.777463
10708.590216
12521.506876
11036.894181
10852.802561
13181.148237
11059.620680
11246.917001
14040.435271
11170.719096
13970.977787
11682.836756
12157.337855
10325.953923
10935.922767
10934.731740
12780.290813
10129.212203
11163.465168
11355.253186
11593.480291
10899.911989
12763.260631
11791.212736
10889.920015
11884.248698
10419.250183
12280.514019
14648.184711
11866.085743
11359.217768
13830.563212
10012.412798
13060.149207
11492.810493
12846.308458
13374.933307
13407.919953
12637.774656
14904.365278
11995.324214
14083.600937
11105.702516
12023.477494
14491.110427
12017.349451
10948.928618
14636.177821
12829.817359
10262.688825
14559.460921
11434.009419
13770.919573
12626.707239
12518.697109
11585.852796
13664.713289
10669.410563
12499.923394
10549.776358
11487.601572
14802.377086
10774.839495
11776.415206
13158.327933
10939.745222
10065.023357
13453.451042
10577.149733
11408.991229
11896.079626
10369.625466
11271.855096
10019.246645
11163.589554
11216.651305
10964.153940
11477.010521
14998.040141
11720.567633
11820.545891
11973.253976
13134.327558
11734.840819
11395.659424
11498.735878
12277.215215
10208.026596
12065.472463
11382.796885
14262.026843
10616.352571
13831.533482
10484.603733
14483.501049
12377.585683
11294.874103
11924.347189
11958.379743
10230.300596
13783.063834
12331.890699
13147.180056
13071.037107
13737.203754
10727.243597
14026.854114
14294.887835
12719.165403
13111.815940
11675.733169
10433.606331
12117.979469
14060.140061
10484.432807
11034.189188
10009.840125
11669.035325
12728.571205
14462.251892
13354.295660
13356.709872
11812.572819
13138.314312
12042.214207
10449.304571
10955.667589
11378.550119
10679.582191
14562.909565
13876.729611
13503.214143
11539.383225
14042.240193
14458.750041
12496.720020
12085.110594
13018.513945
13971.717694
11190.827999
12480.940956
13174.197745
14219.002291
11568.086735
13691.058673
10726.161075
14160.772892
12807.478705
10692.427027
13359.725411
11948.963878
12701.126874
12582.846578
12778.041471
12945.087945
14055.406407
10235.004071
13892.771069
14324.530114
12781.007831
10500.553337
14845.280804
11703.538549
10698.819169
11751.382169
13287.389837
13195.341655
12491.305752
10837.824180
12798.802117
12802.382765
14819.420360
11824.344672
13874.193167
14832.277673
10480.596004
11344.474864
14880.642547
11567.150390
10306.305363
13978.853755
10561.790980
10121.452627
11674.371313
11457.231070
12568.150568
12360.034134
13034.155541
10654.372235
13057.251857
10093.499937
14709.980173
12431.865918
14780.494852
11099.425265
11948.406178
12732.796738
13661.435883
12817.727323
14389.104635
12819.685441
14968.247334
10729.112908
13607.210469
13065.917636
13550.884196
14760.837082
10575.553981
14236.145740
12525.326732
10859.396602
10859.665657
10598.430669
14343.128245
14444.937139
12829.959992
14982.517457
13925.630322
12715.669041
13272.112168
12859.328396
11784.801781
11097.699817
11697.896195
13379.505471
13618.849806
10977.445600
10709.785337
14934.421239
12461.476854
13451.653072
11850.462654
13688.733596
10037.528388
10703.318607
11315.525125
14903.664662
10190.645919
11744.315976
10536.007601
10143.320240
13107.332270
14704.034378
10780.004853
10225.202051
13693.839418
12668.358437
12214.849719
12838.559172
14356.974462
12008.297160
11923.419572
10105.037496
10596.803473
11893.334554
13903.320018
13720.648224
12395.951099
13503.730785
12556.395961
12010.452396
12304.438827
12356.548620
14651.343728
12992.995785
13228.612010
10541.060846
12606.871899
13400.228958
11448.610349
10197.186141
13363.547651
10118.767520
11616.885397
12891.323425
10352.080203
13596.888806
14855.747268
13414.230840
10781.619990
13794.188436
13129.385948
10710.526337
10710.818464
10677.213244
12734.468421
14797.001140
13821.854417
13794.780060
10252.424930
13759.026047
12213.725306
14903.977697
13701.314917
12186.674892
13631.661293
13833.152346
14359.106508
12314.030748
10481.274499
11511.699544
14793.754527
10087.030906
13995.126532
14241.146212
11283.900608
12734.966187
10610.188999
14189.275219
12792.490366
12711.180947
12445.370964
11778.298268
14088.806697
14960.884602
11146.062287
14668.809338
14411.566880
14687.434359
10497.032817
13850.711639
11884.124591
11234.670473
12903.650635
14056.111892
14041.240549
14483.786845
10108.016770
13567.206375
14735.787801
14317.726192
14071.427111
10353.800479
12847.298221
11570.201925
11631.098606
12659.210094
12214.909390
12912.369523
11777.962829
11796.757461
10883.789570
11777.050627
14310.324699
10463.187974
10475.972548
11649.911795
11261.625192
14446.149806
14065.496833
13859.574310
12144.855608
12527.802357
11502.522328
11271.147629
11021.959918
14496.245680
12060.551234
14252.207733
13102.121315
12587.087755
13896.987696
14025.063665
10853.357465
14318.925802
11930.029459
11641.609032
13358.702394
10546.398769
12043.833603
12432.555872
10887.803788
10869.718718
11954.325024
10151.823330
12261.954053
14592.858703
14898.209426
14143.154188
13256.284041
10169.020902
14557.010625
13405.603981
14132.201552
10707.458856
14716.523335
13569.659565
14065.848973
14258.867924
10869.802727
10631.062277
10446.371903
12610.358932
12554.630866
13390.207195
11555.500881
12507.629031
12223.713746
12485.945921
14645.672400
11473.272872
14335.313496
14099.869662
12178.642613
14191.712738
10907.971713
14837.150861
12889.202212
10596.304510
12539.472720
14418.301993
11068.637351
12467.988404
14192.542023
11920.258478
12378.761916
10775.089619
14904.105781
11014.450019
10399.084919
10089.571971
10693.597728
14195.915388
11896.776083
12024.951343
13735.433862
13081.968650
12248.387977
10281.640494
11592.889209
13638.525674
14731.721965
13407.833581
10976.288754
10580.625862
14764.861773
10365.608486
13542.423341
13869.234395
12823.829448
11919.271732
14843.916559
11202.897030
13274.457700
10591.677310
14168.431842
14265.864611
11193.452518
11482.279558
14958.570950
11969.483195
13580.996572
12108.852026
13214.590128
13936.433574
14309.470426
14788.612130
12043.456647
13445.747031
13578.471313
13880.446783
12513.361324
12001.107572
11051.821529
11053.258758
11583.031701
10677.416288
11975.547624
10724.912249
13083.986434
13174.355971
12982.100622
12372.382865
12047.050780
12842.910067
11034.402400
11480.619639
13362.317775
11874.531907
14129.727727
10795.988924
12207.287018
11188.082712
10820.746082
12429.663604
11798.748417
13940.590010
11420.907472
13284.912915
14903.310820
13900.594040
11188.782499
12164.344393
12017.035105
14245.528013
12865.299215
13643.916389
14698.096237
12520.991055
12427.267587
12673.644084
11447.062882
14280.303519
13021.744435
11178.665333
11972.540116
13811.300745
11994.581308
14965.294984
14492.689264
13357.300980
14003.232781
13155.458197
10291.296990
12105.932238
14169.215857
14048.997703
14208.551899
11500.011627
10972.999854
11072.084849
11179.494468
14251.601843
10032.694543
12563.019392
14394.323025
12838.249900
10578.964528
10951.643567
14229.597938
14477.839774
10893.564349
12554.129402
12195.441549
11545.887341
10319.352340
12642.224976
10422.624662
11775.415883
11831.270357
12202.906035
14635.135047
13158.684504
11499.425191
13602.934148
14498.367969
10954.590541
13620.099650
12252.519342
14998.915122
12945.579388
14149.493960
12981.554516
13324.382102
11819.874257
14389.754397
14683.742499
13455.376111
13170.947603
10994.764176
10205.938317
13879.682395
14861.977829
14231.121694
14523.476907
12250.050205
12819.021476
10603.181128
13078.659401
14109.521877
10818.834616
11069.144753
12692.060769
12622.603015
11280.065519
12951.546463
11864.818157
14146.199567
10470.320770
11811.539493
10850.335789
14996.764597
11572.888028
10669.082071
13367.305940
12723.005892
10787.881086
10716.522558
12820.442791
12854.775326
13073.659714
13102.174842
13039.410144
11038.365121
14054.305721
14328.730494
13977.034268
10785.891895
10275.177158
10337.106130
12402.698137
11232.612191
13939.256612
13984.269232
10249.054611
10418.740787
13058.978277
10785.701936
10015.458254
14237.468136
13302.065624
10070.866586
14846.105883
12313.421337
13019.998537
11315.241638
13810.363877
10658.180123
10715.440315
15000.012079
10088.582660
11135.504504
13164.557638
13989.174287
14653.485142
13930.201275
14878.397325
13382.663876
10263.055079
11078.388138
10653.871330
14936.548727
14371.931628
14866.851578
10656.099592
10337.901827
12857.451897
10234.431174
13907.801272
13124.379345
11435.821392
12514.510186
11211.556138
12024.056891
13494.616915
12114.345270
14111.423261
14552.277325
14455.917841
14839.273490
11096.752786
13814.962365
13225.823742
12906.284277
13121.383637
11304.656082
12839.259041
12057.436562
13703.259143
12199.640111
11305.192362
11471.705580
10558.326011
10653.354465
12233.214638
11201.565884
10794.795618
13467.772801
13487.042570
14260.836168
11858.345386
11466.181816
11417.909921
11750.041815
14474.751962
13993.430381
11021.089526
10965.695351
14806.205351
10707.268366
14406.322762
14482.004113
10546.527939
14292.918824
11249.425860
12785.241900
10405.026542
11332.269671
10698.810434
10737.806347
14288.014985
13953.599929
11693.603311
12823.353278
11425.630330
14887.851955
14594.034809
11491.149501
14656.661149
13784.834616
14026.852282
10336.618256
12119.146365
13084.820232
13535.974451
12444.566141
11308.842618
14049.625764
12592.480119
14488.936863
12672.013079
12140.737539
13032.249853
13542.068430
12706.666675
12619.033441
10848.929990
10988.888766
10162.415409
14324.911990
11422.517707
14891.706415
11107.481964
10958.715506
14678.328784
11350.702812
10019.356215
14450.509555
14294.740625
10856.850081
10395.676300
10107.168971
12603.322543
12578.557574
10872.768899
10008.807638
13489.733839
10188.636470
13771.768961
12120.139060
10748.387511
11948.343062
14606.218001
10972.552202
10811.147969
10740.885044
12610.431204
10222.080994
13307.123729
11337.044494
13399.386251
12248.143510
14815.875528
10941.184460
10944.276556
10710.476467
14498.960454
12945.491067
11010.465343
13019.806556
10824.586731
14064.295320
12349.461067
11693.187470
11456.410685
14332.540390
14196.108085
11128.542999
14783.066441
12995.237093
13044.800031
10376.942561
13940.655481
11147.505680
14717.687742
14210.847082
13370.251253
13412.193894
10806.449105
11181.592982
10108.454017
12428.999677
12123.123108
11461.061594
11957.004671
13036.867664
11099.893295
11100.924054
12101.501286
12538.487961
13674.839605
10804.857106
12488.095941
14751.008562
13306.631154
14804.962679
12558.170030
12228.325839
12980.648466
11162.618198
10990.347801
14968.222842
11841.985608
11999.342276
14798.298952
13452.087722
14175.315667
13641.833383
13758.349146
12329.714852
14834.039316
12536.321656
12581.822175
14701.786259
11691.536119
12230.995068
10788.810278
14582.090279
12994.529087
13375.496181
14405.753074
12711.309315
14566.467919
10847.411744
12914.146639
13689.825617
14301.229343
11188.984825
12958.791389
10615.479157
10054.068573
14840.878987
12058.810400
13737.051214
11085.251034
11641.731622
14087.657165
12394.486344
10182.472210
13701.077002
12266.498835
12116.737183
14102.740525
10699.801048
14653.061546
13840.665304
10633.563903
13604.278473
13201.906771
13824.892246
13950.684692
12676.315785
11526.274769
10716.783946
11140.109085
13811.899720
11023.720137
13386.578979
14903.652416
11908.483903
14074.446006
11090.606145
11161.608580
13182.494221
14472.318853
13465.217821
10515.187722
12808.814472
10880.954922
10675.870453
14273.180478
10807.636740
12493.171647
12529.232170
11923.186583
13309.299524
14382.319887
11440.831519
13487.629544
13564.445423
11833.307555
10530.694000
10391.558085
12044.916064
14783.254320
13124.059453
10284.418224
13679.127737
14876.737222
14807.466468
10787.306048
14102.057180
11884.826092
14083.192614
10261.948236
14835.873151
10192.399345
14875.573796
12459.203474
12821.965216
13922.397829
12714.649302
14696.480891
14011.226291
13043.317475
14000.606094
13892.740568
13711.486437
11435.870174
14307.839841
14408.991354
12132.945011
10897.932729
13981.800264
12429.552500
11018.365841
10527.202784
14519.652623
13948.869606
14219.099100
13295.381078
14753.793500
14551.001658
14079.027600
10359.680964
13354.856642
11733.834433
14046.729022
14570.093561
13405.275930
11856.309000
11396.540640
12143.753847
13557.851035
12530.380472
12264.408849
12732.335894
14049.330753
12494.978742
12726.957310
14649.653103
10446.079600
11778.311620
12973.428128
12733.767425
14797.408706
11802.771366
12764.344748
14862.871563
14391.894266
14849.520933
13160.456149
14959.875478
12108.404028
12275.595951
14174.753888
10681.255150
10448.948658
10742.344134
11465.154130
12232.582890
11483.518299
11489.047692
12717.675281
11042.800174
12651.408768
14741.568541
10478.467263
10388.913811
12985.635666
11667.126568
12029.152322
10457.881645
14710.563120
10277.015503
12705.455295
13052.520316
13584.578070
14849.162930
12853.659458
12100.964102
11036.616700
13733.811629
11448.811298
12084.544014
12094.723727
14448.338622
14581.083452
13062.815402
11404.177965
14955.714761
10545.118222
14535.914129
12848.488237
10265.047892
12413.848553
12968.061132
10923.983324
11401.691708
12788.054655
11595.433156
12567.736628
14050.768835
14744.669496
10305.669057
13564.194242
12691.616421
10470.911967
10988.928245
14432.575390
12460.541810
14843.808452
11578.812001
12659.124887
10603.505189
11588.409934
11332.799385
14258.580339
11058.028904
14133.782107
13478.062279
12763.908697
14751.772610
14732.440751
14695.050453
10203.552870
11645.886001
13934.225991
13988.940623
10013.605846
12727.943265
11328.980634
13481.522993
12549.327134
13360.495814
11844.410004
12349.612318
12930.636361
10054.557367
11039.228587
12485.297610
10465.975538
11866.621497
13168.890810
13306.971674
10274.586119
14561.604441
11773.021248
13739.118243
10546.869442
11104.111961
12453.514446
13140.037820
13015.552192
12261.578683
12066.102857
12207.815762
13446.475172
12830.238852
13184.447481
11787.685241
14893.452985
13569.028500
13505.847358
12629.266124
